Epoch,Alpha,building_impl_complex_train_accuracy,building_no_car_truck_train_accuracy,building_no_chimney_statue_train_accuracy,building_nodoorornowindow_impl_noawning_train_accuracy,commercial_train_accuracy,hotel_train_accuracy,store_train_accuracy,misccommercial_train_accuracy,cafe_train_accuracy,restaurant_train_accuracy,industrial_train_accuracy,industrial_not_table_train_accuracy,constructionsite_train_accuracy,miscindustrial_train_accuracy,powerplant_train_accuracy,watertreatment_train_accuracy,residential_train_accuracy,suburban_train_accuracy,countryhouse_train_accuracy,miscresidential_train_accuracy,residential_no_chimney_pipe_train_accuracy,building_impl_complex_val_accuracy,building_no_car_truck_val_accuracy,building_no_chimney_statue_val_accuracy,building_nodoorornowindow_impl_noawning_val_accuracy,commercial_val_accuracy,hotel_val_accuracy,store_val_accuracy,misccommercial_val_accuracy,cafe_val_accuracy,restaurant_val_accuracy,industrial_val_accuracy,industrial_not_table_val_accuracy,constructionsite_val_accuracy,miscindustrial_val_accuracy,powerplant_val_accuracy,watertreatment_val_accuracy,residential_val_accuracy,suburban_val_accuracy,countryhouse_val_accuracy,miscresidential_val_accuracy,residential_no_chimney_pipe_val_accuracy
0,1.0,0.6036330461502075,0.7362402081489563,0.7500852942466736,0.8822365999221802,0.5074573755264282,0.5624127388000488,0.562134861946106,0.5479406714439392,0.5613497495651245,0.5617585182189941,0.5178348422050476,0.7488665580749512,0.5609936714172363,0.5489407777786255,0.5558655858039856,0.5501826405525208,0.541923999786377,0.5623939037322998,0.5315738916397095,0.5496175289154053,0.5996022820472717,0.6090506315231323,0.7342526912689209,0.7501137256622314,0.8833486437797546,0.507142961025238,0.5625380277633667,0.5621326565742493,0.5465947389602661,0.5631597638130188,0.5618345141410828,0.5156590342521667,0.7500477433204651,0.561630129814148,0.5494814515113831,0.5554988384246826,0.5487402081489563,0.5303636193275452,0.5624008774757385,0.5357986092567444,0.5526130199432373,0.6125738620758057
1,1.0,0.5642405152320862,0.7120403051376343,0.7145912647247314,0.8913318514823914,0.5065939426422119,0.56470787525177,0.5612454414367676,0.5379838943481445,0.5563580989837646,0.5612205862998962,0.5322350859642029,0.7359086871147156,0.5566086769104004,0.5531143546104431,0.556118905544281,0.5584374666213989,0.5546203255653381,0.5611965656280518,0.5380995869636536,0.551588237285614,0.576755166053772,0.48363709449768066,0.6854380965232849,0.6563487648963928,0.9202993512153625,0.5069112777709961,0.5745644569396973,0.5624194145202637,0.529445469379425,0.5422402620315552,0.5683320760726929,0.5657077431678772,0.7076461911201477,0.5483869314193726,0.5628874897956848,0.5673835277557373,0.5755298137664795,0.6220911741256714,0.5517549514770508,0.5427013039588928,0.5600264668464661,0.4675639569759369
2,1.0,0.396975576877594,0.6395410299301147,0.5131317973136902,0.9666094779968262,0.5120399594306946,0.5840629935264587,0.5555760264396667,0.5575026273727417,0.43880048394203186,0.5640546083450317,0.552431046962738,0.6316125392913818,0.4603067636489868,0.5687145590782166,0.5574871897697449,0.5331740975379944,0.6702278256416321,0.5480156540870667,0.563819944858551,0.5538111925125122,0.2965155839920044,0.3148784339427948,0.6180999279022217,0.5489817261695862,0.9993128180503845,0.5169323086738586,0.5878610610961914,0.5366170406341553,0.5813166499137878,0.38917455077171326,0.568500816822052,0.5046424269676208,0.5428444147109985,0.3790414035320282,0.584189772605896,0.5145610570907593,0.44195878505706787,0.6538884043693542,0.5609992742538452,0.5631837844848633,0.5549671649932861,0.25414273142814636
3,1.0,0.24773089587688446,0.5962489247322083,0.526167631149292,0.9989018440246582,0.5163174867630005,0.5633278489112854,0.4838840365409851,0.5637615919113159,0.3624955117702484,0.571353018283844,0.47323521971702576,0.4949325919151306,0.3176334500312805,0.5918553471565247,0.44128039479255676,0.3873250484466553,0.5657653212547302,0.5330215096473694,0.5792083144187927,0.5632792115211487,0.19534114003181458,0.1859433650970459,0.581972599029541,0.5486833453178406,0.9997944235801697,0.5172651410102844,0.5623793005943298,0.4351016581058502,0.5613495111465454,0.35439038276672363,0.5713847279548645,0.4183019995689392,0.49194011092185974,0.25317686796188354,0.5897160768508911,0.3815954029560089,0.33649250864982605,0.5360243320465088,0.5277557373046875,0.5719068050384521,0.5714633464813232,0.18824052810668945
4,1.0,0.18936042487621307,0.5828706622123718,0.5118547081947327,0.9995842576026917,0.5188045501708984,0.5359954237937927,0.41528260707855225,0.5084721446037292,0.31026431918144226,0.5653537511825562,0.41305598616600037,0.437865674495697,0.26064687967300415,0.598369836807251,0.3365582823753357,0.29337945580482483,0.47616809606552124,0.5291019082069397,0.5908101201057434,0.5508916974067688,0.15673747658729553,0.1617402881383896,0.5853488445281982,0.5199378728866577,0.999802827835083,0.5202866196632385,0.5445501804351807,0.4146161377429962,0.46242326498031616,0.28888142108917236,0.5618587732315063,0.38986337184906006,0.429465651512146,0.24142907559871674,0.5926231145858765,0.32339775562286377,0.2786356508731842,0.42807984352111816,0.5384882092475891,0.5898199081420898,0.5321335196495056,0.1459270715713501
5,1.0,0.15280580520629883,0.5758023858070374,0.4636072814464569,0.9995108842849731,0.5182517170906067,0.5046982765197754,0.3980967104434967,0.44812044501304626,0.28601014614105225,0.5403320789337158,0.3657797873020172,0.40313470363616943,0.22874826192855835,0.6081709861755371,0.29758748412132263,0.2654939591884613,0.4384041130542755,0.5330144762992859,0.5982275009155273,0.5326551795005798,0.1499350517988205,0.15182895958423615,0.579495370388031,0.4803890287876129,0.9997866153717041,0.5180524587631226,0.5001433491706848,0.3925688564777374,0.44876551628112793,0.2916000783443451,0.5552428960800171,0.3719898760318756,0.412627249956131,0.23061996698379517,0.5872951149940491,0.27642932534217834,0.23550353944301605,0.42260241508483887,0.5133568644523621,0.5876240134239197,0.5243399739265442,0.16010093688964844
6,1.0,0.13424235582351685,0.5719231367111206,0.389021635055542,0.9996131658554077,0.5174415707588196,0.48707565665245056,0.37897902727127075,0.4016505777835846,0.26853784918785095,0.518932044506073,0.33419662714004517,0.35949259996414185,0.21772342920303345,0.6153907179832458,0.2682388126850128,0.2338894009590149,0.4116111397743225,0.5270146727561951,0.6031730771064758,0.5239834785461426,0.140377014875412,0.12324971705675125,0.5677347779273987,0.4393596053123474,0.9997150301933289,0.5166832208633423,0.4974309504032135,0.37638747692108154,0.4481455385684967,0.29343438148498535,0.533964216709137,0.3087719678878784,0.39242979884147644,0.19694171845912933,0.619486391544342,0.22972139716148376,0.18929801881313324,0.41851571202278137,0.5479152202606201,0.589364767074585,0.5234488248825073,0.16197291016578674
7,1.0,0.13076017796993256,0.5711086392402649,0.3641384541988373,0.9993294477462769,0.5167359113693237,0.47126975655555725,0.3562263548374176,0.3838956654071808,0.26349347829818726,0.508098840713501,0.29979485273361206,0.3487692177295685,0.20911143720149994,0.6218399405479431,0.24843719601631165,0.21485069394111633,0.3933398723602295,0.5196678638458252,0.606620192527771,0.5223536491394043,0.1313064992427826,0.1142742782831192,0.5604627132415771,0.3796130120754242,0.9997133016586304,0.5159325003623962,0.4863812327384949,0.3639867305755615,0.3964267373085022,0.28126153349876404,0.514101505279541,0.28171050548553467,0.3264463543891907,0.2180575728416443,0.6167010068893433,0.24493391811847687,0.21411873400211334,0.3872165381908417,0.5163009166717529,0.5919353365898132,0.5163870453834534,0.15329989790916443
8,1.0,0.12490255385637283,0.564645528793335,0.3385201394557953,0.9995135068893433,0.5152235627174377,0.4696906507015228,0.3495522439479828,0.3637710511684418,0.25374919176101685,0.4900818169116974,0.27046453952789307,0.310714453458786,0.19925962388515472,0.6272927522659302,0.23530125617980957,0.21058152616024017,0.3872040808200836,0.49823659658432007,0.6093501448631287,0.5195998549461365,0.13416962325572968,0.11479303985834122,0.557113766670227,0.33995699882507324,0.999754786491394,0.5147135853767395,0.4903898239135742,0.36636999249458313,0.37489694356918335,0.2813217043876648,0.5007870197296143,0.25931715965270996,0.2907305955886841,0.2023973912000656,0.646852433681488,0.24052932858467102,0.21229343116283417,0.39404550194740295,0.5259376764297485,0.5997613668441772,0.5049051642417908,0.15833571553230286
9,1.0,0.12105388939380646,0.5600029826164246,0.303109347820282,0.9994617104530334,0.5151375532150269,0.4613633453845978,0.345412939786911,0.353159636259079,0.24719564616680145,0.4753561019897461,0.2550952732563019,0.2855384647846222,0.1905425488948822,0.6380512714385986,0.22844326496124268,0.20107151567935944,0.38219112157821655,0.488530695438385,0.6141647696495056,0.5135774612426758,0.13151861727237701,0.11528372019529343,0.5568923354148865,0.3698692321777344,0.9995840787887573,0.5162721872329712,0.4824793040752411,0.3541431128978729,0.3893267810344696,0.2932797968387604,0.5006627440452576,0.22609306871891022,0.30393531918525696,0.18805871903896332,0.6772765517234802,0.20575180649757385,0.1847541183233261,0.4254164397716522,0.5379087328910828,0.6068384051322937,0.509719967842102,0.1733315885066986
10,1.0,0.12350030243396759,0.561442494392395,0.30963385105133057,0.9992159008979797,0.5148926377296448,0.458919495344162,0.3196263015270233,0.36066555976867676,0.24841663241386414,0.47244206070899963,0.2483229786157608,0.27311012148857117,0.1914890855550766,0.6468733549118042,0.22219683229923248,0.1990486979484558,0.39213210344314575,0.4811241030693054,0.6183544993400574,0.5165870189666748,0.13947799801826477,0.10970745980739594,0.5494654178619385,0.3058328926563263,0.9997974634170532,0.5144606232643127,0.4560171365737915,0.3071359694004059,0.34929385781288147,0.24676774442195892,0.4588177502155304,0.21443143486976624,0.2432621866464615,0.18913184106349945,0.6689861416816711,0.20986923575401306,0.1873948872089386,0.36801519989967346,0.5067459344863892,0.6121754050254822,0.4990617632865906,0.13668572902679443
11,1.0,0.12535949051380157,0.563694417476654,0.310457319021225,0.9994339346885681,0.5140640139579773,0.44094401597976685,0.3012486398220062,0.33796635270118713,0.23952384293079376,0.4709985554218292,0.23702086508274078,0.26196709275245667,0.18720360100269318,0.6494020819664001,0.21494115889072418,0.19293303787708282,0.39135289192199707,0.4681282043457031,0.6240795850753784,0.5075410008430481,0.14215214550495148,0.13190339505672455,0.5722676515579224,0.312061071395874,0.9998005032539368,0.5135856866836548,0.44761621952056885,0.32634127140045166,0.3250810205936432,0.22804521024227142,0.4757005572319031,0.22043639421463013,0.26628613471984863,0.19185128808021545,0.6446616649627686,0.2198152244091034,0.19155779480934143,0.3835931718349457,0.46747446060180664,0.6128014326095581,0.4864240884780884,0.14312253892421722
12,1.0,0.12510553002357483,0.5589300990104675,0.28627532720565796,0.9995730519294739,0.513832688331604,0.4447607100009918,0.3162623643875122,0.3354218602180481,0.23525692522525787,0.4569023549556732,0.22596830129623413,0.25142794847488403,0.184040367603302,0.6510269045829773,0.2160613089799881,0.1911536455154419,0.38454651832580566,0.4665044844150543,0.6220467686653137,0.5055056810379028,0.1369268000125885,0.1261313259601593,0.5648484230041504,0.26092302799224854,0.9997844696044922,0.5144826769828796,0.4660528302192688,0.31603696942329407,0.3576025068759918,0.22814452648162842,0.4546051621437073,0.21803171932697296,0.24141262471675873,0.19547946751117706,0.6605156660079956,0.2163480669260025,0.1891220510005951,0.3583466112613678,0.46620821952819824,0.6011204123497009,0.4921245872974396,0.1266307532787323
13,1.0,0.1258562058210373,0.5538566708564758,0.2555183470249176,0.9994534850120544,0.5138291716575623,0.43088820576667786,0.2982403039932251,0.3234691023826599,0.2363278865814209,0.442499577999115,0.22706814110279083,0.2488182634115219,0.18349066376686096,0.6573429107666016,0.21204663813114166,0.19730322062969208,0.37940236926078796,0.44754987955093384,0.6288648247718811,0.5048314929008484,0.14005668461322784,0.12135641276836395,0.5566903352737427,0.2568943202495575,0.9997791051864624,0.5137302875518799,0.4595426023006439,0.3086252212524414,0.3217363953590393,0.2343624383211136,0.4381311535835266,0.20190751552581787,0.24812136590480804,0.18392205238342285,0.6873509287834167,0.2173599898815155,0.2025965005159378,0.3748828172683716,0.4472286105155945,0.6173378825187683,0.48482754826545715,0.13953569531440735
14,1.0,0.12104643881320953,0.5444207787513733,0.26234233379364014,0.9991542100906372,0.5133644938468933,0.439281165599823,0.29041749238967896,0.32631218433380127,0.23156927525997162,0.4295530319213867,0.21543258428573608,0.2388831526041031,0.17724715173244476,0.6730479598045349,0.20637889206409454,0.19333496689796448,0.3828607201576233,0.4385753571987152,0.6324123740196228,0.49804967641830444,0.1370035707950592,0.13078998029232025,0.5688392519950867,0.2912604510784149,0.9995874762535095,0.5139795541763306,0.45172345638275146,0.31660133600234985,0.3550666570663452,0.2324879914522171,0.4282880127429962,0.21573936939239502,0.2459857314825058,0.1930793672800064,0.6516757011413574,0.21600276231765747,0.19339071214199066,0.36409664154052734,0.45276519656181335,0.6207594275474548,0.5028652548789978,0.14271050691604614
15,1.0,0.12074967473745346,0.5463480949401855,0.2543422281742096,0.9995383620262146,0.5137280821800232,0.4235915243625641,0.2844333350658417,0.33256083726882935,0.23058323562145233,0.4271690249443054,0.21994352340698242,0.24074554443359375,0.17592331767082214,0.667804479598999,0.2040976732969284,0.19450630247592926,0.3896261155605316,0.4421745240688324,0.6361314654350281,0.5033506751060486,0.1471574902534485,0.11492232233285904,0.5448910593986511,0.29202336072921753,0.9994997978210449,0.5143141746520996,0.43238452076911926,0.2803550660610199,0.3536490797996521,0.2355395257472992,0.4356423020362854,0.1930302381515503,0.23315122723579407,0.1775292009115219,0.6957356929779053,0.19490954279899597,0.18379929661750793,0.3898939788341522,0.47088155150413513,0.6056200265884399,0.486318975687027,0.14628088474273682
16,1.0,0.12747813761234283,0.5496124625205994,0.2619323432445526,0.9989883303642273,0.5129237771034241,0.4357927143573761,0.275856077671051,0.33496272563934326,0.22739051282405853,0.4186793863773346,0.2131032794713974,0.22917520999908447,0.1767776608467102,0.6642569303512573,0.1938091367483139,0.1881597638130188,0.3886454105377197,0.43237757682800293,0.6341351270675659,0.5083779096603394,0.14693644642829895,0.13185009360313416,0.5686472058296204,0.23601843416690826,0.999758243560791,0.5129204392433167,0.45931297540664673,0.275607168674469,0.32791584730148315,0.20511703193187714,0.411466121673584,0.19735804200172424,0.2234686017036438,0.1827951967716217,0.6666268706321716,0.17358271777629852,0.1614648848772049,0.37850308418273926,0.44568488001823425,0.6185984015464783,0.47798237204551697,0.12835069000720978
17,1.0,0.1301579624414444,0.552759051322937,0.2576283812522888,0.9995651245117188,0.5129285454750061,0.454513281583786,0.2687421143054962,0.33314037322998047,0.22242794930934906,0.411102294921875,0.20646759867668152,0.2227967083454132,0.1753145456314087,0.6683775186538696,0.18716681003570557,0.18320591747760773,0.3847387731075287,0.4236883819103241,0.6361414194107056,0.5035994052886963,0.14078289270401,0.12009252607822418,0.5601654648780823,0.2590079605579376,0.9997625946998596,0.5130564570426941,0.4211207926273346,0.29287245869636536,0.33944377303123474,0.2162972092628479,0.4031626880168915,0.18965287506580353,0.21839012205600739,0.17122703790664673,0.6867882609367371,0.1935587227344513,0.17965486645698547,0.37597209215164185,0.43720951676368713,0.6191613674163818,0.4821529686450958,0.1384582668542862
18,1.0,0.12596260011196136,0.5490673184394836,0.2673291265964508,0.9989197254180908,0.5128579139709473,0.4499814510345459,0.27290040254592896,0.34476375579833984,0.22439174354076385,0.3994738757610321,0.20973756909370422,0.2212173044681549,0.17102885246276855,0.6689996719360352,0.19129584729671478,0.18732023239135742,0.3785731792449951,0.42108526825904846,0.6353946924209595,0.5081554055213928,0.1388491690158844,0.1354256421327591,0.57320237159729,0.22030524909496307,0.9997800588607788,0.5126875042915344,0.4908722937107086,0.2710220515727997,0.33937275409698486,0.19476884603500366,0.37454459071159363,0.202535018324852,0.22705909609794617,0.1889352947473526,0.6590878963470459,0.18247146904468536,0.17038990557193756,0.35187262296676636,0.40225526690483093,0.6203416585922241,0.4944492280483246,0.12235263735055923
19,1.0,0.13044703006744385,0.5543341040611267,0.2637979984283447,0.9991156458854675,0.5124088525772095,0.45687350630760193,0.26181116700172424,0.3387660086154938,0.21933139860630035,0.3943065404891968,0.20425912737846375,0.2229345291852951,0.17292144894599915,0.6689964532852173,0.18273775279521942,0.17873361706733704,0.37639325857162476,0.4239562153816223,0.6397525072097778,0.5053315758705139,0.1371023803949356,0.14169517159461975,0.575048565864563,0.255340039730072,0.9997425675392151,0.5132049322128296,0.4444483816623688,0.27169468998908997,0.33430829644203186,0.1902814656496048,0.38651764392852783,0.21113526821136475,0.24927754700183868,0.18354244530200958,0.656645655632019,0.1813097596168518,0.16908107697963715,0.3550139367580414,0.3889550268650055,0.6372702717781067,0.49823299050331116,0.12557676434516907
20,1.0,0.12993687391281128,0.5505746603012085,0.24693146347999573,0.999180018901825,0.512355625629425,0.45155924558639526,0.27080392837524414,0.32822585105895996,0.21372367441654205,0.3894173800945282,0.20857664942741394,0.22656862437725067,0.17149879038333893,0.6691246628761292,0.18116934597492218,0.1767956167459488,0.37750497460365295,0.40904319286346436,0.6405636072158813,0.5030184984207153,0.13842374086380005,0.13862790167331696,0.5744792819023132,0.21904650330543518,0.9996915459632874,0.5129613876342773,0.5043512582778931,0.27497681975364685,0.3269370198249817,0.19434112310409546,0.394858181476593,0.20362359285354614,0.22701513767242432,0.18461890518665314,0.6590121388435364,0.18185922503471375,0.1676577925682068,0.35397863388061523,0.3961743712425232,0.6276963353157043,0.4919695258140564,0.12884488701820374
21,1.0,0.13303729891777039,0.5548179149627686,0.2545640766620636,0.9989675879478455,0.5119218826293945,0.4692365825176239,0.26053452491760254,0.3319164216518402,0.21432822942733765,0.38953906297683716,0.2054772526025772,0.21766836941242218,0.17391937971115112,0.673662006855011,0.18166111409664154,0.17784319818019867,0.37749233841896057,0.4037429094314575,0.6413308382034302,0.5027270317077637,0.13966333866119385,0.13371248543262482,0.5602582693099976,0.27240267395973206,0.9993744492530823,0.5111406445503235,0.46821102499961853,0.25146517157554626,0.33926016092300415,0.20885340869426727,0.4034841060638428,0.1932022124528885,0.22321827709674835,0.17533890902996063,0.6887199878692627,0.17609870433807373,0.16978013515472412,0.36728182435035706,0.4130104184150696,0.6261690258979797,0.4920213222503662,0.14120164513587952
22,1.0,0.13543705642223358,0.542510449886322,0.2595282793045044,0.998201847076416,0.5113568305969238,0.4607219398021698,0.255488783121109,0.33589574694633484,0.21521279215812683,0.37795963883399963,0.2033214569091797,0.22023235261440277,0.1746140569448471,0.6688924431800842,0.18337583541870117,0.17986205220222473,0.3715490400791168,0.4061387777328491,0.6457298994064331,0.5063408017158508,0.13470831513404846,0.1306765228509903,0.5630127191543579,0.2271099090576172,0.999565064907074,0.5106585025787354,0.459725946187973,0.25770726799964905,0.34567224979400635,0.19985371828079224,0.3683784306049347,0.1932038962841034,0.20795074105262756,0.17274723947048187,0.6641846895217896,0.17639778554439545,0.16798949241638184,0.35634416341781616,0.4094877541065216,0.6316424608230591,0.5013604164123535,0.13290947675704956
23,1.0,0.1344601809978485,0.5489997267723083,0.25629177689552307,0.9989518523216248,0.5115044116973877,0.4594181180000305,0.2659798860549927,0.3255958557128906,0.21101142466068268,0.3785063624382019,0.20564799010753632,0.22124966979026794,0.16984108090400696,0.6723139882087708,0.17805232107639313,0.17405089735984802,0.37059471011161804,0.3978649377822876,0.643523633480072,0.501859188079834,0.1388246864080429,0.13077785074710846,0.5534161925315857,0.25402626395225525,0.9995468854904175,0.5106445550918579,0.44591253995895386,0.2608739733695984,0.3319863975048065,0.20569096505641937,0.3769432008266449,0.19134116172790527,0.22465112805366516,0.17078222334384918,0.6861822009086609,0.17224007844924927,0.16469430923461914,0.36687541007995605,0.4075872004032135,0.6353877186775208,0.4862823188304901,0.13927875459194183
24,1.0,0.1352858692407608,0.538879930973053,0.23988077044487,0.9983965158462524,0.5107282996177673,0.4437291920185089,0.2696777582168579,0.3258809745311737,0.21497897803783417,0.3603653311729431,0.20317240059375763,0.21413223445415497,0.1723797470331192,0.6719001531600952,0.18522198498249054,0.17999430000782013,0.3695712387561798,0.3860715329647064,0.6484063863754272,0.5049012899398804,0.13924264907836914,0.13889645040035248,0.5616865754127502,0.26614779233932495,0.9991163611412048,0.5109982490539551,0.4512808918952942,0.273740291595459,0.33317726850509644,0.21263320744037628,0.38692840933799744,0.19000749289989471,0.21456430852413177,0.17668941617012024,0.6760309934616089,0.1674700230360031,0.16046597063541412,0.3656931221485138,0.3729209899902344,0.6402366161346436,0.4924947917461395,0.14702259004116058
25,1.0,0.13407930731773376,0.5529436469078064,0.2326747626066208,0.9988909959793091,0.5109999179840088,0.45120272040367126,0.2634902000427246,0.3213871121406555,0.2095203399658203,0.3570941984653473,0.19816158711910248,0.20508506894111633,0.16695937514305115,0.6723937392234802,0.16869881749153137,0.17124174535274506,0.3769247531890869,0.3875453472137451,0.6456254124641418,0.4989721179008484,0.14204169809818268,0.11937198042869568,0.557403564453125,0.2732159197330475,0.9994862675666809,0.5100697875022888,0.46146929264068604,0.2776454985141754,0.3307653069496155,0.2084430605173111,0.377130389213562,0.1772432029247284,0.2072935849428177,0.1562919020652771,0.686217725276947,0.15687093138694763,0.14710257947444916,0.374410480260849,0.40249910950660706,0.6312481760978699,0.48707035183906555,0.1475493609905243
26,1.0,0.13540908694267273,0.5425994992256165,0.2590385675430298,0.999323308467865,0.5108131766319275,0.4611077606678009,0.27027469873428345,0.3229880630970001,0.21000789105892181,0.3501124083995819,0.19777506589889526,0.20232944190502167,0.16639241576194763,0.6712915301322937,0.16974344849586487,0.16995510458946228,0.3710944950580597,0.3793231248855591,0.6458573341369629,0.5023821592330933,0.14111922681331635,0.12928442656993866,0.5596432089805603,0.2651159167289734,0.9996809363365173,0.5105622410774231,0.4472779333591461,0.2734944224357605,0.3300361931324005,0.2030889242887497,0.36741751432418823,0.18702958524227142,0.2089824229478836,0.16868118941783905,0.6824832558631897,0.16270412504673004,0.15271063148975372,0.37974584102630615,0.4165368676185608,0.6300649046897888,0.4881265461444855,0.14987339079380035
27,1.0,0.1321118175983429,0.5485132336616516,0.24960315227508545,0.9991072416305542,0.51054447889328,0.4383058249950409,0.26216360926628113,0.32300326228141785,0.2042822539806366,0.3581996262073517,0.19649796187877655,0.20494751632213593,0.16423338651657104,0.6684509515762329,0.17175018787384033,0.16745470464229584,0.3726191222667694,0.38582226634025574,0.6448349952697754,0.5037017464637756,0.14139634370803833,0.13515371084213257,0.5759482383728027,0.2347600758075714,0.9997934699058533,0.5092481970787048,0.456320583820343,0.2616645395755768,0.31644025444984436,0.19432051479816437,0.3513438105583191,0.18482425808906555,0.19524039328098297,0.16528019309043884,0.6749981641769409,0.16062527894973755,0.1495787799358368,0.36181217432022095,0.38951486349105835,0.6358824372291565,0.48409202694892883,0.13563314080238342
28,1.0,0.1361810564994812,0.5543375015258789,0.24974168837070465,0.9992367029190063,0.510235607624054,0.44886651635169983,0.26250702142715454,0.3258580267429352,0.20539650321006775,0.3401293456554413,0.19818715751171112,0.20703202486038208,0.163100466132164,0.6692319512367249,0.16798484325408936,0.16828811168670654,0.37075793743133545,0.3753270208835602,0.6472522020339966,0.5042082667350769,0.13976876437664032,0.14184656739234924,0.5784443020820618,0.2705002427101135,0.9996868371963501,0.5108150243759155,0.48186755180358887,0.2804689407348633,0.3314484655857086,0.20207032561302185,0.3550727665424347,0.1959802359342575,0.21710306406021118,0.17032282054424286,0.6638201475143433,0.1639227271080017,0.15583643317222595,0.36265236139297485,0.3793770372867584,0.6361308693885803,0.493460088968277,0.13861101865768433
29,1.0,0.13451030850410461,0.5538709163665771,0.26033487915992737,0.9988532066345215,0.5100536942481995,0.4557580053806305,0.26875171065330505,0.318917840719223,0.20489287376403809,0.3357217013835907,0.19829460978507996,0.20674295723438263,0.1623503714799881,0.6706957221031189,0.1672656536102295,0.16520440578460693,0.36731162667274475,0.36793631315231323,0.6470897197723389,0.5009291172027588,0.14083032310009003,0.14244553446769714,0.5811375975608826,0.2472209483385086,0.9995882511138916,0.5103534460067749,0.4560816287994385,0.27783912420272827,0.3303847014904022,0.1959911733865738,0.3638553321361542,0.20326662063598633,0.22275760769844055,0.16928602755069733,0.6564473509788513,0.1630549132823944,0.15584824979305267,0.3679451644420624,0.37209469079971313,0.6385310292243958,0.4938753843307495,0.1418907344341278
30,1.0,0.13628743588924408,0.5458491444587708,0.24791252613067627,0.9989010691642761,0.5108335018157959,0.43692946434020996,0.2653895616531372,0.33086958527565,0.20679350197315216,0.34284186363220215,0.2033737152814865,0.21053744852542877,0.16424572467803955,0.6721357107162476,0.1709868162870407,0.16808255016803741,0.3739704489707947,0.37478262186050415,0.6518561244010925,0.5052869319915771,0.14363586902618408,0.13596810400485992,0.5746179819107056,0.2646079957485199,0.9997071027755737,0.5115251541137695,0.4503687024116516,0.260032594203949,0.32275867462158203,0.19454732537269592,0.3622209131717682,0.19128066301345825,0.2101881206035614,0.16263383626937866,0.6659407615661621,0.15699917078018188,0.14793899655342102,0.3608168661594391,0.36738255620002747,0.6363915205001831,0.4877471625804901,0.13549679517745972
31,1.0,0.14021554589271545,0.5521957278251648,0.2612626850605011,0.9988356828689575,0.5113193988800049,0.43828701972961426,0.2659342586994171,0.32015135884284973,0.2058098018169403,0.3426251709461212,0.19892838597297668,0.20573626458644867,0.1643799990415573,0.6712788939476013,0.16686762869358063,0.16732478141784668,0.3709619641304016,0.35945838689804077,0.6498534679412842,0.5022282004356384,0.14298748970031738,0.13765348494052887,0.579451858997345,0.2657250463962555,0.99945068359375,0.5098655819892883,0.46666547656059265,0.29442742466926575,0.3157559633255005,0.1990693062543869,0.34146860241889954,0.1924515664577484,0.21831372380256653,0.1631307750940323,0.6715683937072754,0.16331851482391357,0.1598934382200241,0.3622882664203644,0.34822168946266174,0.6402389407157898,0.49090686440467834,0.1464744210243225
32,1.0,0.1359061300754547,0.5493149757385254,0.24631056189537048,0.998920738697052,0.5103451609611511,0.449215292930603,0.26312360167503357,0.32305917143821716,0.20249532163143158,0.34175345301628113,0.1999480426311493,0.21026192605495453,0.16102564334869385,0.6730763912200928,0.16675503551959991,0.1693602353334427,0.37289783358573914,0.35831257700920105,0.6534463763237,0.5044698715209961,0.14117802679538727,0.13431422412395477,0.5398592352867126,0.26112425327301025,0.999610185623169,0.5112214088439941,0.4223097562789917,0.2585963308811188,0.33045315742492676,0.20046666264533997,0.34141430258750916,0.18750600516796112,0.20114433765411377,0.16317711770534515,0.6831607818603516,0.15969429910182953,0.1526847928762436,0.3651725947856903,0.3702217638492584,0.65345698595047,0.48961904644966125,0.13989703357219696
33,1.0,0.13828778266906738,0.5327189564704895,0.24164384603500366,0.9986218810081482,0.5099819898605347,0.42802321910858154,0.2658606469631195,0.32453614473342896,0.20387841761112213,0.3447147011756897,0.20055454969406128,0.20485597848892212,0.16219979524612427,0.671433687210083,0.16679640114307404,0.16503727436065674,0.3688439428806305,0.3650735020637512,0.6618366241455078,0.5052394270896912,0.1437223106622696,0.147981196641922,0.5554049611091614,0.2579236328601837,0.9995068907737732,0.5107488632202148,0.44622719287872314,0.2773369252681732,0.3339424431324005,0.19147256016731262,0.34996873140335083,0.19631758332252502,0.21198487281799316,0.1684739738702774,0.65180903673172,0.1649676114320755,0.15802358090877533,0.36097532510757446,0.3493621349334717,0.6507183909416199,0.5023500323295593,0.13609164953231812
34,1.0,0.1364040970802307,0.5343550443649292,0.22000540792942047,0.9987847208976746,0.5103309750556946,0.43887799978256226,0.2656725347042084,0.32005617022514343,0.20445869863033295,0.33872848749160767,0.1982763260602951,0.20093762874603271,0.16155008971691132,0.6684343218803406,0.16665804386138916,0.16275103390216827,0.37160009145736694,0.3596205711364746,0.6610890030860901,0.5048494338989258,0.1409875452518463,0.1378694772720337,0.541195273399353,0.21494744718074799,0.9996716976165771,0.5099709630012512,0.44676005840301514,0.2684885263442993,0.31987878680229187,0.17982764542102814,0.34513312578201294,0.1992923617362976,0.2178841233253479,0.16200198233127594,0.6619523763656616,0.15911398828029633,0.15187722444534302,0.3624560236930847,0.3575882911682129,0.6614453196525574,0.4891291558742523,0.13130874931812286
35,1.0,0.1344219446182251,0.5311182737350464,0.22744889557361603,0.9986834526062012,0.5097486972808838,0.4318128228187561,0.2697165906429291,0.31529492139816284,0.1986066848039627,0.344166100025177,0.19676916301250458,0.20340916514396667,0.15884055197238922,0.6739516258239746,0.16565772891044617,0.16525371372699738,0.3653487265110016,0.3512153923511505,0.6635758280754089,0.5003928542137146,0.1387106329202652,0.1386633664369583,0.5303428173065186,0.25142499804496765,0.9996021389961243,0.5092893242835999,0.46789586544036865,0.286121666431427,0.32272347807884216,0.2011273205280304,0.346283882856369,0.18316014111042023,0.20164978504180908,0.1610117405653,0.6670545935630798,0.16034746170043945,0.1579766720533371,0.366987943649292,0.33643513917922974,0.6579781174659729,0.49040499329566956,0.13969364762306213
36,1.0,0.1414821296930313,0.529965877532959,0.23214316368103027,0.9989580512046814,0.5098739266395569,0.42655831575393677,0.2721811532974243,0.3078048825263977,0.20120739936828613,0.32636702060699463,0.1969694048166275,0.20015069842338562,0.16261515021324158,0.6702542304992676,0.1645078957080841,0.16680657863616943,0.3680831491947174,0.3479149341583252,0.6640892624855042,0.501629650592804,0.14310485124588013,0.14773952960968018,0.537606418132782,0.20697994530200958,0.9997060298919678,0.5110359787940979,0.4229491353034973,0.2694188058376312,0.29902005195617676,0.18533854186534882,0.3129415512084961,0.19185864925384521,0.2069527804851532,0.16534893214702606,0.6584083437919617,0.15973056852817535,0.15529532730579376,0.35952284932136536,0.31988731026649475,0.6677834987640381,0.48970845341682434,0.13773328065872192
37,1.0,0.13746225833892822,0.5381476879119873,0.2173098772764206,0.9989905953407288,0.5102837681770325,0.42981433868408203,0.276934415102005,0.31485268473625183,0.20286056399345398,0.3188694417476654,0.1938871145248413,0.20296132564544678,0.15943962335586548,0.666251540184021,0.16779887676239014,0.16476136445999146,0.36538711190223694,0.3386140763759613,0.6621124744415283,0.5027674436569214,0.14138661324977875,0.14174360036849976,0.5535831451416016,0.21610979735851288,0.9993305206298828,0.5110700726509094,0.4055604338645935,0.2724721133708954,0.31629595160484314,0.18564371764659882,0.3048623204231262,0.18743620812892914,0.20418092608451843,0.16184119880199432,0.6659451723098755,0.16214241087436676,0.15570269525051117,0.3582274913787842,0.3313215374946594,0.6570892333984375,0.49216049909591675,0.140835240483284
38,1.0,0.13917963206768036,0.5291314125061035,0.22412897646427155,0.9988603591918945,0.5101532340049744,0.4076012969017029,0.26506543159484863,0.30978500843048096,0.20056192576885223,0.30664488673210144,0.19177886843681335,0.19757911562919617,0.15974658727645874,0.6702027916908264,0.16426968574523926,0.1619328409433365,0.3655121326446533,0.3410113453865051,0.6638810038566589,0.5039402842521667,0.14402106404304504,0.13200482726097107,0.50570148229599,0.22307196259498596,0.9995598793029785,0.5097091197967529,0.4231177568435669,0.2525100111961365,0.3277893364429474,0.19119340181350708,0.3109135031700134,0.17589545249938965,0.186075359582901,0.1555689573287964,0.6670562028884888,0.15681853890419006,0.1484130620956421,0.35228967666625977,0.32819315791130066,0.6721642017364502,0.49770426750183105,0.13507340848445892
39,1.0,0.1352384388446808,0.5293762683868408,0.217655748128891,0.9991444945335388,0.5106300115585327,0.421461284160614,0.2574141323566437,0.31456685066223145,0.20103362202644348,0.2996211349964142,0.19057580828666687,0.19900670647621155,0.1570434272289276,0.6685624718666077,0.16251815855503082,0.15898312628269196,0.3663765788078308,0.34461674094200134,0.6635878682136536,0.5028455853462219,0.14332829415798187,0.14081060886383057,0.5306326746940613,0.18936526775360107,0.999674916267395,0.5112341046333313,0.45112985372543335,0.2684273421764374,0.3081587851047516,0.17902016639709473,0.2785036861896515,0.19781197607517242,0.21144109964370728,0.16630595922470093,0.6631245017051697,0.15982027351856232,0.15208345651626587,0.35332420468330383,0.3256264328956604,0.666495144367218,0.485682874917984,0.1269586682319641
40,1.0,0.13708850741386414,0.516952395439148,0.2177293449640274,0.9985296130180359,0.5102031826972961,0.42540761828422546,0.2585896849632263,0.30626988410949707,0.20027725398540497,0.2727501690387726,0.19385863840579987,0.19813740253448486,0.16014406085014343,0.6792848110198975,0.15996615588665009,0.1553625464439392,0.3666471540927887,0.3398733139038086,0.6701277494430542,0.49690982699394226,0.1419069916009903,0.13448978960514069,0.5221174359321594,0.18623323738574982,0.9994933605194092,0.5098671913146973,0.4449331760406494,0.2731986939907074,0.2983720600605011,0.18233545124530792,0.2915879786014557,0.18515579402446747,0.20086191594600677,0.15631653368473053,0.6817912459373474,0.15439578890800476,0.14788398146629333,0.36194780468940735,0.32779812812805176,0.6660302877426147,0.48308366537094116,0.141489177942276
41,1.0,0.13776059448719025,0.5267786383628845,0.185722216963768,0.9984697103500366,0.5097371339797974,0.4282171428203583,0.2656365633010864,0.3029126822948456,0.19976016879081726,0.2664860486984253,0.19349993765354156,0.19430159032344818,0.15893715620040894,0.67570960521698,0.16173914074897766,0.15986844897270203,0.36878344416618347,0.33803465962409973,0.6691187620162964,0.49875548481941223,0.14498591423034668,0.1496722251176834,0.49175626039505005,0.1909669041633606,0.9997196793556213,0.5099364519119263,0.4357094466686249,0.29433149099349976,0.2921837270259857,0.18736812472343445,0.24504339694976807,0.20109781622886658,0.20149138569831848,0.16993166506290436,0.6719807982444763,0.16691632568836212,0.15805287659168243,0.35899612307548523,0.33113187551498413,0.6860790252685547,0.48092126846313477,0.13712413609027863
42,1.0,0.14398571848869324,0.5031343698501587,0.18887010216712952,0.9989323616027832,0.5096220970153809,0.4315949082374573,0.26802122592926025,0.29092836380004883,0.19779789447784424,0.2611219584941864,0.19472922384738922,0.19691523909568787,0.1641620546579361,0.6741918921470642,0.1673174649477005,0.16279174387454987,0.36162081360816956,0.3330065906047821,0.677977979183197,0.495285302400589,0.13997624814510345,0.13679435849189758,0.4819101393222809,0.1987948715686798,0.9996899366378784,0.5077938437461853,0.42642053961753845,0.2944442331790924,0.2851845920085907,0.1914123147726059,0.2573671340942383,0.17792439460754395,0.18983356654644012,0.15551163256168365,0.6855520606040955,0.15610675513744354,0.14879655838012695,0.3616649806499481,0.3328230082988739,0.6914613246917725,0.4715130627155304,0.14375673234462738
43,1.0,0.1388133466243744,0.5069054365158081,0.1992933601140976,0.9992699027061462,0.5089347958564758,0.4342029094696045,0.27245840430259705,0.300197035074234,0.19820865988731384,0.25895485281944275,0.19136285781860352,0.19662386178970337,0.15870733559131622,0.674312174320221,0.1631067544221878,0.1606815606355667,0.3642216622829437,0.33170977234840393,0.6769909858703613,0.4988522529602051,0.14379259943962097,0.14339366555213928,0.4831286370754242,0.1804070919752121,0.9996598958969116,0.5081368088722229,0.43039438128471375,0.26499009132385254,0.3003385365009308,0.18382956087589264,0.2781810164451599,0.18934999406337738,0.2004084289073944,0.16187094151973724,0.6772711277008057,0.15709978342056274,0.15642137825489044,0.35693299770355225,0.32346677780151367,0.6933731436729431,0.48569607734680176,0.13598068058490753
44,1.0,0.1410139799118042,0.5004181265830994,0.191477432847023,0.9990537166595459,0.5082477331161499,0.4321712553501129,0.2652893662452698,0.3078107535839081,0.19547951221466064,0.26335781812667847,0.19178570806980133,0.1968269646167755,0.1599036455154419,0.6735997200012207,0.1623104214668274,0.16206571459770203,0.36023688316345215,0.32819709181785583,0.6784988641738892,0.4985008239746094,0.1390840709209442,0.14629563689231873,0.4815639853477478,0.18440969288349152,0.9994692206382751,0.5086278915405273,0.44809502363204956,0.2711324691772461,0.29954391717910767,0.1877993792295456,0.2501753866672516,0.19166061282157898,0.19862978160381317,0.16491787135601044,0.6703346967697144,0.16192449629306793,0.15110833942890167,0.35294270515441895,0.3068099915981293,0.6940880417823792,0.4865890145301819,0.13399940729141235
45,1.0,0.14453065395355225,0.48856857419013977,0.20481687784194946,0.9993281960487366,0.5093079209327698,0.4245813190937042,0.26471152901649475,0.294839471578598,0.1990550011396408,0.2562297582626343,0.1947106420993805,0.19793465733528137,0.16007232666015625,0.6781484484672546,0.16236872971057892,0.16527941823005676,0.36653241515159607,0.327504426240921,0.6807450652122498,0.49422961473464966,0.14312542974948883,0.1365668624639511,0.4545367956161499,0.22507795691490173,0.9995115995407104,0.5071665048599243,0.4216398000717163,0.2652830183506012,0.31320932507514954,0.19640471041202545,0.26836732029914856,0.17697560787200928,0.18784727156162262,0.15663395822048187,0.681513786315918,0.15383686125278473,0.1482282429933548,0.36298543214797974,0.3373003304004669,0.686598539352417,0.48989632725715637,0.146636962890625
46,1.0,0.14358454942703247,0.4913218021392822,0.19403770565986633,0.9985374212265015,0.5081334114074707,0.423702210187912,0.26536718010902405,0.2970881760120392,0.19356074929237366,0.2579706609249115,0.19322094321250916,0.19811148941516876,0.15798525512218475,0.6688619256019592,0.16268689930438995,0.159981369972229,0.3633647561073303,0.3247128129005432,0.6802359819412231,0.49850159883499146,0.14259445667266846,0.14193174242973328,0.48282164335250854,0.19343701004981995,0.9996768832206726,0.5081919431686401,0.44179514050483704,0.2727581560611725,0.3079097270965576,0.18224269151687622,0.25047528743743896,0.18318137526512146,0.19690941274166107,0.15684016048908234,0.663493275642395,0.15292713046073914,0.14415869116783142,0.35669681429862976,0.31899937987327576,0.6905731558799744,0.4896825850009918,0.13777168095111847
47,1.0,0.14232954382896423,0.49775832891464233,0.18691548705101013,0.9988456964492798,0.5082337260246277,0.4139936566352844,0.2625006139278412,0.29650968313217163,0.1943785846233368,0.25120458006858826,0.1901174783706665,0.19028662145137787,0.15778416395187378,0.6694079041481018,0.15865805745124817,0.1564604490995407,0.3630886375904083,0.3244088292121887,0.6803285479545593,0.498342365026474,0.14126813411712646,0.14342151582241058,0.48772376775741577,0.19404447078704834,0.9996852874755859,0.5083214044570923,0.3964589536190033,0.2688605487346649,0.30068671703338623,0.1841219812631607,0.25677362084388733,0.1826084703207016,0.18725205957889557,0.15790170431137085,0.6655921339988708,0.15515904128551483,0.147178053855896,0.3559718132019043,0.3084636628627777,0.6926832795143127,0.48927387595176697,0.1381472796201706
48,1.0,0.140376478433609,0.4936533570289612,0.1906612664461136,0.9983600974082947,0.5088763236999512,0.4033224284648895,0.2548960745334625,0.3045283257961273,0.19379308819770813,0.2361467331647873,0.19386684894561768,0.19259585440158844,0.15796931087970734,0.6688193082809448,0.15734994411468506,0.15342217683792114,0.3598799407482147,0.32545536756515503,0.6816408634185791,0.5007011890411377,0.14155758917331696,0.1449638307094574,0.4872218668460846,0.22171476483345032,0.9991826415061951,0.5086625218391418,0.4197321832180023,0.2658255100250244,0.3318106532096863,0.19352038204669952,0.24359449744224548,0.18488672375679016,0.191193088889122,0.15838925540447235,0.655125617980957,0.15754321217536926,0.1494310051202774,0.35644418001174927,0.3119819462299347,0.6893733739852905,0.5062358975410461,0.14067929983139038
49,1.0,0.14303350448608398,0.5041577219963074,0.19981175661087036,0.9988402724266052,0.5085048079490662,0.4313635528087616,0.2726798355579376,0.31378263235092163,0.19652073085308075,0.23915879428386688,0.19062834978103638,0.19022053480148315,0.15921837091445923,0.6640312075614929,0.16169306635856628,0.15695834159851074,0.3594762980937958,0.3217918276786804,0.6756339073181152,0.5091032385826111,0.1397806853055954,0.1455768644809723,0.4834546446800232,0.18790525197982788,0.9994016289710999,0.5083820819854736,0.42538633942604065,0.26303598284721375,0.30783939361572266,0.18326301872730255,0.2592965066432953,0.1797780692577362,0.19676147401332855,0.1586684137582779,0.6626529693603516,0.15064303576946259,0.1426694542169571,0.3579803705215454,0.31010425090789795,0.6938942670822144,0.49082645773887634,0.13960149884223938
50,1.0,0.14832164347171783,0.491985559463501,0.1811366230249405,0.9990097284317017,0.5080175399780273,0.412883460521698,0.2590388357639313,0.2980661988258362,0.19203737378120422,0.2441740334033966,0.19239220023155212,0.19820207357406616,0.1593751758337021,0.6688964366912842,0.16063465178012848,0.16236190497875214,0.35940712690353394,0.32133349776268005,0.6803405284881592,0.4992864727973938,0.13866831362247467,0.14600418508052826,0.4789285361766815,0.20216573774814606,0.9996962547302246,0.5068755745887756,0.3993675410747528,0.26260414719581604,0.30137011408805847,0.1845218390226364,0.24339328706264496,0.1773608773946762,0.18640731275081635,0.1563049703836441,0.6778174638748169,0.15046340227127075,0.14513234794139862,0.36013829708099365,0.30884572863578796,0.692874014377594,0.48623618483543396,0.14219069480895996
51,1.0,0.14808990061283112,0.5067163705825806,0.1782083809375763,0.9988963007926941,0.5074277520179749,0.40374067425727844,0.2607746422290802,0.29789021611213684,0.19190487265586853,0.24218517541885376,0.1915242075920105,0.19296590983867645,0.15910358726978302,0.6727912425994873,0.16200369596481323,0.16169504821300507,0.36294159293174744,0.32038256525993347,0.6784869432449341,0.49825000762939453,0.14333051443099976,0.14053748548030853,0.4870862364768982,0.18993447721004486,0.9996035695075989,0.5077859163284302,0.39383915066719055,0.260066956281662,0.3070325255393982,0.18645480275154114,0.23664143681526184,0.19075080752372742,0.2093985676765442,0.1569572389125824,0.6825028657913208,0.15361587703227997,0.14755548536777496,0.3649958074092865,0.32997027039527893,0.6886880993843079,0.48799845576286316,0.14200785756111145
52,1.0,0.14447836577892303,0.4995320737361908,0.17274659872055054,0.9985905885696411,0.5079675912857056,0.39141711592674255,0.2576339542865753,0.29151836037635803,0.19154919683933258,0.23632732033729553,0.19347156584262848,0.19131550192832947,0.15780524909496307,0.6742437481880188,0.16199085116386414,0.16090793907642365,0.36036476492881775,0.3227078318595886,0.679753839969635,0.49602246284484863,0.13954439759254456,0.14446043968200684,0.48004698753356934,0.16651588678359985,0.9996586441993713,0.5084220767021179,0.3932948708534241,0.2538648843765259,0.29608532786369324,0.18742340803146362,0.24066764116287231,0.17871904373168945,0.18281753361225128,0.1578446477651596,0.669904887676239,0.15131698548793793,0.14236824214458466,0.3559826910495758,0.3100998103618622,0.6973251104354858,0.4845621883869171,0.13733544945716858
53,1.0,0.14809228479862213,0.49627840518951416,0.16433177888393402,0.9990749955177307,0.5091366171836853,0.3926789462566376,0.26105210185050964,0.2980126142501831,0.19047504663467407,0.24444334208965302,0.19058217108249664,0.19258958101272583,0.15929704904556274,0.6709790229797363,0.15686380863189697,0.15803125500679016,0.35540294647216797,0.3174537718296051,0.682458758354187,0.4992987811565399,0.13789035379886627,0.13949771225452423,0.4677773714065552,0.15177614986896515,0.9994146227836609,0.5077922344207764,0.368463933467865,0.26215144991874695,0.2893480956554413,0.18772438168525696,0.22925561666488647,0.17869701981544495,0.18380054831504822,0.15292105078697205,0.6825003027915955,0.1508760005235672,0.14498263597488403,0.35503411293029785,0.30974480509757996,0.6950966119766235,0.4843699634075165,0.13542215526103973
54,1.0,0.14425137639045715,0.4964582324028015,0.17327965795993805,0.9992625713348389,0.5072183609008789,0.39434897899627686,0.26392310857772827,0.29384592175483704,0.19287961721420288,0.24509404599666595,0.1922258585691452,0.19153845310211182,0.15521162748336792,0.6678517460823059,0.16118736565113068,0.15775573253631592,0.3586342930793762,0.31462016701698303,0.6820309162139893,0.5001654624938965,0.1428184062242508,0.1459975689649582,0.48792141675949097,0.17231222987174988,0.9997545480728149,0.5065910816192627,0.3796112537384033,0.26630130410194397,0.297695130109787,0.18130578100681305,0.23707044124603271,0.189385786652565,0.20111997425556183,0.15882675349712372,0.6714606881141663,0.15806755423545837,0.15015028417110443,0.36093223094940186,0.3092174828052521,0.6955323219299316,0.489219069480896,0.1477963626384735
55,1.0,0.145578533411026,0.5024760961532593,0.17251382768154144,0.999189019203186,0.5065454840660095,0.38907983899116516,0.2631922960281372,0.29684704542160034,0.19161425530910492,0.23436051607131958,0.19321630895137787,0.19414502382278442,0.16009818017482758,0.6744266748428345,0.16498064994812012,0.16128529608249664,0.3583921790122986,0.3140917718410492,0.6784284114837646,0.49958381056785583,0.14280422031879425,0.13449627161026,0.4812313914299011,0.1966429501771927,0.999695897102356,0.5074296593666077,0.37962934374809265,0.28998279571533203,0.300489217042923,0.1902693808078766,0.22768715023994446,0.17877760529518127,0.19811584055423737,0.14931143820285797,0.6830288171768188,0.15360240638256073,0.14228682219982147,0.3614889085292816,0.32136857509613037,0.6927827000617981,0.4858872592449188,0.15412791073322296
56,1.0,0.1424257606267929,0.49922263622283936,0.1800229549407959,0.9994177222251892,0.5079739093780518,0.3736664950847626,0.2671756148338318,0.28794026374816895,0.1925879865884781,0.23368018865585327,0.19161878526210785,0.20042350888252258,0.15605151653289795,0.6765910387039185,0.16190890967845917,0.15653689205646515,0.36063507199287415,0.31438151001930237,0.6801500916481018,0.49228212237358093,0.14484217762947083,0.13794639706611633,0.47120964527130127,0.1932535022497177,0.9996864795684814,0.5065929889678955,0.3543700575828552,0.255953848361969,0.2853783369064331,0.1880200356245041,0.22867487370967865,0.17847679555416107,0.18547232449054718,0.15113170444965363,0.687090277671814,0.1472693830728531,0.14002001285552979,0.3604699671268463,0.3063111901283264,0.6968129873275757,0.48349177837371826,0.15366797149181366
57,1.0,0.14450299739837646,0.5001420378684998,0.19343264400959015,0.9996497631072998,0.5071864724159241,0.3870028555393219,0.2686578035354614,0.2955833673477173,0.1909443438053131,0.2350926697254181,0.19070367515087128,0.19579166173934937,0.1573488861322403,0.6689732074737549,0.16051970422267914,0.15491078794002533,0.3590630292892456,0.31297287344932556,0.6798333525657654,0.5029516816139221,0.14515237510204315,0.14495444297790527,0.48859721422195435,0.20031028985977173,0.9997652769088745,0.5065171122550964,0.39090192317962646,0.27126991748809814,0.3091967701911926,0.17921867966651917,0.23588821291923523,0.19144532084465027,0.20497938990592957,0.1589222401380539,0.6560971140861511,0.15757164359092712,0.14877556264400482,0.3551769554615021,0.2970430850982666,0.6892856955528259,0.5030539035797119,0.14414405822753906
58,1.0,0.14282119274139404,0.5060889720916748,0.18386568129062653,0.9981316924095154,0.5072225332260132,0.39166948199272156,0.2686889171600342,0.2920941114425659,0.19316275417804718,0.23235389590263367,0.18924884498119354,0.19593137502670288,0.15597327053546906,0.6702579855918884,0.15733245015144348,0.15561872720718384,0.3602961301803589,0.30264875292778015,0.6797860860824585,0.5006431341171265,0.14687871932983398,0.14378969371318817,0.4789576530456543,0.17634114623069763,0.9996948838233948,0.5086876153945923,0.3826487362384796,0.27844473719596863,0.2792532742023468,0.17524905502796173,0.2155611515045166,0.18877741694450378,0.2061385065317154,0.1547595113515854,0.6740382313728333,0.15267561376094818,0.1441800594329834,0.3543190658092499,0.2951875925064087,0.694751501083374,0.4823230504989624,0.1391170173883438
59,1.0,0.14242415130138397,0.5082616806030273,0.1768808513879776,0.9994127154350281,0.507150411605835,0.38082629442214966,0.27765604853630066,0.2953149378299713,0.1885247528553009,0.2308904528617859,0.19113977253437042,0.19737905263900757,0.15392637252807617,0.6683833599090576,0.15805049240589142,0.15539415180683136,0.3623386025428772,0.3077320158481598,0.6797489523887634,0.4993032217025757,0.14711646735668182,0.13669618964195251,0.48746904730796814,0.20241396129131317,0.9995876550674438,0.5069942474365234,0.36919501423835754,0.28616660833358765,0.3028244376182556,0.18315257132053375,0.24873299896717072,0.18124660849571228,0.20196442306041718,0.14660990238189697,0.674962043762207,0.14919571578502655,0.14389380812644958,0.36234766244888306,0.3129933178424835,0.6920135617256165,0.4924265444278717,0.1490960419178009
60,1.0,0.14994215965270996,0.5148879885673523,0.18717050552368164,0.9996348023414612,0.5082688927650452,0.3724687397480011,0.26380133628845215,0.3038341701030731,0.19011190533638,0.24273256957530975,0.19247294962406158,0.19983983039855957,0.15640652179718018,0.6609476804733276,0.16133271157741547,0.16023245453834534,0.362240195274353,0.30232587456703186,0.6806749701499939,0.5071702003479004,0.14728455245494843,0.14679904282093048,0.4888761639595032,0.16417144238948822,0.9996591806411743,0.5077072978019714,0.38083380460739136,0.2667074501514435,0.3190211355686188,0.18251951038837433,0.2516537606716156,0.19445501267910004,0.21136794984340668,0.15747620165348053,0.6492785811424255,0.15626312792301178,0.15075603127479553,0.3535546064376831,0.2966042757034302,0.6940854787826538,0.5044013261795044,0.14135992527008057
61,1.0,0.14531667530536652,0.5157468914985657,0.16637785732746124,0.9992765784263611,0.5073662400245667,0.38043633103370667,0.27187955379486084,0.302288293838501,0.1906408667564392,0.24371173977851868,0.19693413376808167,0.1986503303050995,0.15517543256282806,0.6606473326683044,0.1627160906791687,0.15801416337490082,0.3598780930042267,0.3048819601535797,0.6779982447624207,0.5062090754508972,0.14622004330158234,0.14039595425128937,0.4828506112098694,0.15908877551555634,0.9997620582580566,0.5067957043647766,0.3889634609222412,0.27437543869018555,0.2929941415786743,0.18409180641174316,0.22573518753051758,0.18116137385368347,0.18651463091373444,0.15248125791549683,0.6715144515037537,0.15495853126049042,0.14603182673454285,0.35529905557632446,0.29670238494873047,0.6926817893981934,0.48808273673057556,0.14418421685695648
62,1.0,0.1443231850862503,0.4898708164691925,0.1661606729030609,0.9994933605194092,0.507715106010437,0.37342438101768494,0.27518001198768616,0.2900210916996002,0.1876886785030365,0.2254285216331482,0.19136661291122437,0.1980888396501541,0.15483658015727997,0.6653963327407837,0.1589454710483551,0.15423621237277985,0.3577856421470642,0.2965758144855499,0.6870385408401489,0.5029333829879761,0.14559267461299896,0.14649532735347748,0.4750998020172119,0.175655797123909,0.9997413754463196,0.5079579949378967,0.3771621286869049,0.28069356083869934,0.28652045130729675,0.18433934450149536,0.22467893362045288,0.18966464698314667,0.20157349109649658,0.15649576485157013,0.6684749722480774,0.15055738389492035,0.13912135362625122,0.35554155707359314,0.2916019558906555,0.6989285945892334,0.4876248240470886,0.14528977870941162
63,1.0,0.14342282712459564,0.4969482719898224,0.18044497072696686,0.9996490478515625,0.5065816044807434,0.3822101056575775,0.2728956937789917,0.29397037625312805,0.18755173683166504,0.2298206239938736,0.19445912539958954,0.1974238008260727,0.1547960638999939,0.6646812558174133,0.16241306066513062,0.15579062700271606,0.3601381480693817,0.30364376306533813,0.6837222576141357,0.5012173652648926,0.1467295140028,0.15629267692565918,0.48694321513175964,0.1712806224822998,0.9996379017829895,0.5080216526985168,0.40065106749534607,0.2922828793525696,0.29656365513801575,0.18615755438804626,0.22140952944755554,0.20276618003845215,0.21318040788173676,0.165381520986557,0.6597488522529602,0.1656661480665207,0.16102080047130585,0.3536805212497711,0.28289109468460083,0.7011280059814453,0.4952855408191681,0.13962891697883606
64,1.0,0.14391827583312988,0.49337559938430786,0.17061568796634674,0.9996263384819031,0.5078399181365967,0.3850973844528198,0.28013908863067627,0.28985393047332764,0.18972375988960266,0.2268817275762558,0.19983361661434174,0.20773150026798248,0.15335507690906525,0.6671001315116882,0.16185225546360016,0.15675172209739685,0.35989466309547424,0.3035961985588074,0.6889195442199707,0.49961116909980774,0.14661622047424316,0.14320749044418335,0.46924886107444763,0.16239775717258453,0.9997064471244812,0.5079275965690613,0.35376545786857605,0.25983697175979614,0.2925283908843994,0.18182788789272308,0.2132684588432312,0.186777725815773,0.19335535168647766,0.15131697058677673,0.6687772870063782,0.14644311368465424,0.14004598557949066,0.3565097153186798,0.2969726026058197,0.6982718110084534,0.4892314374446869,0.14403070509433746
65,1.0,0.14371313154697418,0.48721176385879517,0.16650420427322388,0.9993414282798767,0.5087859630584717,0.37601062655448914,0.26545533537864685,0.28911226987838745,0.18754009902477264,0.21796832978725433,0.1963813751935959,0.20368261635303497,0.15211084485054016,0.667475700378418,0.15677767992019653,0.15175071358680725,0.35549870133399963,0.3044012784957886,0.6854248046875,0.5011495351791382,0.14320537447929382,0.14637312293052673,0.4742441475391388,0.1550975888967514,0.9996582269668579,0.5101035833358765,0.37274643778800964,0.26270753145217896,0.3021469712257385,0.1794905662536621,0.20792800188064575,0.1975720375776291,0.21332795917987823,0.1558069884777069,0.6602534055709839,0.15067890286445618,0.144837886095047,0.35269325971603394,0.2904660999774933,0.6985076665878296,0.49382370710372925,0.13824038207530975
66,1.0,0.14603233337402344,0.5037786364555359,0.15589368343353271,0.9986761808395386,0.5090734362602234,0.3883040249347687,0.27309584617614746,0.2969996929168701,0.18796487152576447,0.21969547867774963,0.1956835389137268,0.20281079411506653,0.15450872480869293,0.6644428372383118,0.15986549854278564,0.1568739265203476,0.3556393086910248,0.2986545264720917,0.6856708526611328,0.5043025612831116,0.14474758505821228,0.1420244723558426,0.47279268503189087,0.16954836249351501,0.9996179342269897,0.5085910558700562,0.3875104784965515,0.2785126268863678,0.30588650703430176,0.1881699413061142,0.20946192741394043,0.18858563899993896,0.20033212006092072,0.15119704604148865,0.6570806503295898,0.15477268397808075,0.1457817554473877,0.35281336307525635,0.29097068309783936,0.6965089440345764,0.5030978918075562,0.14193697273731232
67,1.0,0.14603981375694275,0.4874837398529053,0.16386108100414276,0.9993681907653809,0.5080823302268982,0.39174848794937134,0.26508253812789917,0.2929862141609192,0.1896858662366867,0.2129909247159958,0.19497962296009064,0.19805175065994263,0.15462133288383484,0.6634001731872559,0.1611175835132599,0.15685227513313293,0.3535228967666626,0.2958257496356964,0.6883029937744141,0.5033704042434692,0.143052875995636,0.14955945312976837,0.46060171723365784,0.16250647604465485,0.9996480345726013,0.5071733593940735,0.4016920328140259,0.2745666801929474,0.3078361749649048,0.17745651304721832,0.20093028247356415,0.19105055928230286,0.19264988601207733,0.15780052542686462,0.6563097238540649,0.15754903852939606,0.15289895236492157,0.3469727039337158,0.2802582383155823,0.6981306076049805,0.5009081363677979,0.14033660292625427
68,1.0,0.1425970494747162,0.48269516229629517,0.1635248064994812,0.9992551207542419,0.507013201713562,0.39193195104599,0.2646598517894745,0.29144829511642456,0.1887543499469757,0.2083132266998291,0.19577528536319733,0.19391947984695435,0.15277017652988434,0.6653978824615479,0.15939019620418549,0.15517181158065796,0.35788556933403015,0.30078351497650146,0.6909084916114807,0.5053921937942505,0.1450565606355667,0.13841667771339417,0.47178176045417786,0.14706265926361084,0.9997324347496033,0.5073679089546204,0.3596232235431671,0.26711589097976685,0.2769031822681427,0.17885838449001312,0.1833214908838272,0.19413214921951294,0.1969309002161026,0.14896346628665924,0.6819433569908142,0.15388351678848267,0.1426088809967041,0.35302385687828064,0.3001343309879303,0.7032442688941956,0.47875723242759705,0.1337372064590454
69,1.0,0.14575965702533722,0.4776135981082916,0.1561371386051178,0.9993546605110168,0.5066547989845276,0.3798934817314148,0.2602851986885071,0.29577934741973877,0.18855419754981995,0.2120770961046219,0.192500501871109,0.19437088072299957,0.1565248966217041,0.6646385788917542,0.15989023447036743,0.15490446984767914,0.35415348410606384,0.29570603370666504,0.6926005482673645,0.5040128231048584,0.14172498881816864,0.1424890011548996,0.4720061421394348,0.16044308245182037,0.9997776746749878,0.5066547989845276,0.3648241460323334,0.2578481435775757,0.2984539866447449,0.18197119235992432,0.2105049043893814,0.18449090421199799,0.20242975652217865,0.15017791092395782,0.6619489789009094,0.14948436617851257,0.14228886365890503,0.3557124137878418,0.29033222794532776,0.7019942998886108,0.49429380893707275,0.14122599363327026
70,1.0,0.1442612260580063,0.4886796772480011,0.16515100002288818,0.9993952512741089,0.5071876645088196,0.3603155314922333,0.2658064067363739,0.27903956174850464,0.18791228532791138,0.21485485136508942,0.1901557594537735,0.19586199522018433,0.15043455362319946,0.6682398319244385,0.15733930468559265,0.15266527235507965,0.35310661792755127,0.29599398374557495,0.6913368701934814,0.5024800896644592,0.13961637020111084,0.13168281316757202,0.4743044972419739,0.18140193819999695,0.9997529983520508,0.5065085887908936,0.35360705852508545,0.2841528356075287,0.2750753164291382,0.183156818151474,0.19876191020011902,0.1812894642353058,0.19167809188365936,0.14394906163215637,0.683583676815033,0.14972907304763794,0.13668423891067505,0.35785695910453796,0.2958488166332245,0.6994775533676147,0.4840939939022064,0.14398419857025146
71,1.0,0.14265087246894836,0.4944307208061218,0.16705311834812164,0.9989975094795227,0.5076430439949036,0.37109896540641785,0.2775759994983673,0.2885923981666565,0.18627677857875824,0.21507495641708374,0.1878533959388733,0.19770249724388123,0.1509532481431961,0.6664429903030396,0.15550178289413452,0.15009258687496185,0.3575635254383087,0.29257848858833313,0.687207818031311,0.503168523311615,0.14220698177814484,0.13959729671478271,0.4775257408618927,0.18197700381278992,0.9997808933258057,0.5055511593818665,0.39072245359420776,0.2718859910964966,0.30024537444114685,0.18566341698169708,0.2119101583957672,0.17993542551994324,0.191921204328537,0.1471642553806305,0.6637738943099976,0.14501506090164185,0.13732898235321045,0.3592270612716675,0.2970220148563385,0.6970268487930298,0.4944949746131897,0.1503361463546753
72,1.0,0.14542953670024872,0.5013517737388611,0.1763695329427719,0.9988815784454346,0.5082054734230042,0.3911011219024658,0.27043870091438293,0.2877444922924042,0.18995824456214905,0.21270127594470978,0.1871078759431839,0.18853917717933655,0.15209577977657318,0.6687303781509399,0.1557033658027649,0.15311037003993988,0.3572862148284912,0.29982906579971313,0.6903733611106873,0.5030182600021362,0.14801961183547974,0.14319291710853577,0.4757891595363617,0.1785307377576828,0.9995171427726746,0.5076623558998108,0.3884788453578949,0.27545490860939026,0.28672710061073303,0.17084388434886932,0.21160492300987244,0.17552097141742706,0.18620437383651733,0.14925040304660797,0.6692388653755188,0.14748409390449524,0.14006143808364868,0.35497385263442993,0.2875005006790161,0.7003177404403687,0.4866163730621338,0.1441907435655594
73,1.0,0.14512662589550018,0.49741607904434204,0.16420848667621613,0.9995663166046143,0.508480966091156,0.37886765599250793,0.2593799829483032,0.27804625034332275,0.18745756149291992,0.21425822377204895,0.18423491716384888,0.19259531795978546,0.1501058042049408,0.6738680005073547,0.15297262370586395,0.14852765202522278,0.35467615723609924,0.29752275347709656,0.689152717590332,0.49358633160591125,0.14527694880962372,0.14370539784431458,0.4728333055973053,0.14903117716312408,0.9996654391288757,0.5074353814125061,0.3796633780002594,0.25284475088119507,0.2755957841873169,0.17880579829216003,0.1926548331975937,0.17803843319416046,0.1927841603755951,0.14841313660144806,0.6745151281356812,0.14438600838184357,0.14034642279148102,0.35293707251548767,0.2870664894580841,0.7001152634620667,0.4837837219238281,0.14416231215000153
74,1.0,0.14827385544776917,0.48506391048431396,0.13959433138370514,0.9990002512931824,0.5074552297592163,0.37686479091644287,0.2588953375816345,0.27900174260139465,0.1880369633436203,0.20617404580116272,0.18619216978549957,0.1872866451740265,0.15438206493854523,0.6730332970619202,0.15231789648532867,0.15046106278896332,0.35410869121551514,0.29772624373435974,0.6933429837226868,0.4960031807422638,0.14413093030452728,0.1451989710330963,0.4742175340652466,0.14687103033065796,0.9997600317001343,0.5081841349601746,0.3623514771461487,0.26893919706344604,0.27581751346588135,0.17066270112991333,0.18758481740951538,0.18149901926517487,0.1916484236717224,0.15185372531414032,0.6736907958984375,0.14485448598861694,0.1372571438550949,0.3537810146808624,0.2835184335708618,0.7052246928215027,0.4832560122013092,0.1435321569442749
75,1.0,0.1462247669696808,0.48615288734436035,0.17120587825775146,0.9992967247962952,0.5069323182106018,0.378589391708374,0.26792407035827637,0.28257110714912415,0.18474844098091125,0.21275873482227325,0.18783389031887054,0.19358547031879425,0.153792604804039,0.6710927486419678,0.15443038940429688,0.14861366152763367,0.3561217784881592,0.2936222553253174,0.6911922097206116,0.49771204590797424,0.14349468052387238,0.14946801960468292,0.4690651297569275,0.19798456132411957,0.9997485876083374,0.5043665170669556,0.3974760174751282,0.2746407389640808,0.3054541051387787,0.18200157582759857,0.20259201526641846,0.18147072196006775,0.19135548174381256,0.15464526414871216,0.655350387096405,0.14875105023384094,0.14158497750759125,0.3575400114059448,0.2858310341835022,0.6940854787826538,0.5001530647277832,0.14413097500801086
76,1.0,0.1489005982875824,0.4945068657398224,0.15594616532325745,0.9992480278015137,0.5058968663215637,0.3859962522983551,0.2661353349685669,0.2951521873474121,0.1848188191652298,0.22110576927661896,0.19139419496059418,0.19358010590076447,0.15485665202140808,0.6621414422988892,0.15777286887168884,0.1548835039138794,0.3576871156692505,0.2956618368625641,0.6888299584388733,0.5074537992477417,0.14431986212730408,0.1475338637828827,0.4681631922721863,0.166526198387146,0.9997269511222839,0.5066742897033691,0.3833399713039398,0.2677546739578247,0.3054187595844269,0.17608273029327393,0.2134283035993576,0.18978773057460785,0.19708895683288574,0.1551610827445984,0.6538246273994446,0.15077964961528778,0.14297759532928467,0.3554632365703583,0.28920531272888184,0.6969762444496155,0.5049090385437012,0.1436694860458374
77,1.0,0.15143944323062897,0.49001824855804443,0.15449273586273193,0.9997560977935791,0.5059237480163574,0.38127148151397705,0.26816195249557495,0.29480060935020447,0.18418939411640167,0.21817593276500702,0.19965791702270508,0.19931122660636902,0.15809375047683716,0.6608428955078125,0.15791022777557373,0.15193739533424377,0.35911062359809875,0.2951085567474365,0.6930237412452698,0.5061010718345642,0.14300872385501862,0.14652490615844727,0.47614651918411255,0.16657494008541107,0.9997718334197998,0.5053771138191223,0.3864842355251312,0.2806857228279114,0.2851756513118744,0.17772117257118225,0.20297205448150635,0.18980979919433594,0.19986557960510254,0.150978222489357,0.6647592782974243,0.14554758369922638,0.1409233957529068,0.35887882113456726,0.28614911437034607,0.7041242718696594,0.4935259222984314,0.1441069096326828
78,1.0,0.14535516500473022,0.4930412173271179,0.15112189948558807,0.999476969242096,0.5042394995689392,0.37978696823120117,0.27378761768341064,0.27999064326286316,0.1838020235300064,0.21336901187896729,0.19122368097305298,0.1954890787601471,0.15098871290683746,0.6632319688796997,0.15472115576267242,0.15038646757602692,0.35708239674568176,0.2926980257034302,0.692136287689209,0.500986635684967,0.1465422511100769,0.1383519321680069,0.47548937797546387,0.1568303257226944,0.9997537732124329,0.505669116973877,0.3726181387901306,0.27134236693382263,0.29205724596977234,0.1834099143743515,0.2122602015733719,0.18349023163318634,0.1915401965379715,0.14481714367866516,0.665101170539856,0.14887836575508118,0.14101216197013855,0.3578839600086212,0.28891927003860474,0.6983035802841187,0.4947996139526367,0.14842936396598816
79,1.0,0.14507141709327698,0.49234017729759216,0.14782144129276276,0.9992823004722595,0.5052051544189453,0.3855389356613159,0.2623707354068756,0.27831071615219116,0.18455566465854645,0.20200733840465546,0.19579046964645386,0.20108051598072052,0.1505724936723709,0.663845956325531,0.15646502375602722,0.15166307985782623,0.3561754822731018,0.29283425211906433,0.6933023929595947,0.500852108001709,0.14591048657894135,0.14279145002365112,0.4660300314426422,0.15597425401210785,0.9996883273124695,0.505451500415802,0.37435123324394226,0.2628282904624939,0.2928919494152069,0.18019814789295197,0.18917889893054962,0.19514207541942596,0.1996711641550064,0.15036311745643616,0.6625413298606873,0.14645011723041534,0.13683977723121643,0.35384705662727356,0.2867715358734131,0.7004995346069336,0.5018720030784607,0.14238600432872772
80,1.0,0.14560963213443756,0.48254257440567017,0.14720086753368378,0.9994738101959229,0.5047544240951538,0.3709125220775604,0.26574552059173584,0.2802647352218628,0.18505921959877014,0.20370057225227356,0.19647152721881866,0.1982497125864029,0.15277153253555298,0.6660520434379578,0.15693840384483337,0.14812086522579193,0.35715335607528687,0.292665034532547,0.6909008026123047,0.5036152601242065,0.14552071690559387,0.14348359405994415,0.4738493263721466,0.1577131301164627,0.9997358918190002,0.5048219561576843,0.3637407720088959,0.26668718457221985,0.2724034786224365,0.181032195687294,0.18966439366340637,0.1977687031030655,0.20468460023403168,0.15090642869472504,0.6782134771347046,0.1483931839466095,0.1422351598739624,0.35327786207199097,0.28876355290412903,0.7051311135292053,0.48871874809265137,0.14924606680870056
81,1.0,0.15077711641788483,0.46863794326782227,0.15959447622299194,0.9994138479232788,0.5013047456741333,0.3722279667854309,0.2655211091041565,0.2814590334892273,0.18523818254470825,0.20838044583797455,0.19287420809268951,0.1976969838142395,0.15470543503761292,0.6653053760528564,0.15364666283130646,0.15094569325447083,0.35438358783721924,0.29550284147262573,0.695289134979248,0.5018231868743896,0.1458643227815628,0.1521490067243576,0.4690150320529938,0.1797800362110138,0.9996894001960754,0.5041425228118896,0.38693469762802124,0.268513560295105,0.2933467626571655,0.17749592661857605,0.20706649124622345,0.1922556757926941,0.2032892107963562,0.1547931432723999,0.6593421697616577,0.1450844258069992,0.14258836209774017,0.3569903075695038,0.2876831889152527,0.70393967628479,0.49956244230270386,0.1525607705116272
82,1.0,0.1520807147026062,0.4724884331226349,0.1671665459871292,0.998991847038269,0.49772754311561584,0.3815421462059021,0.26738622784614563,0.28767603635787964,0.18212760984897614,0.2145136594772339,0.19553939998149872,0.2018411010503769,0.15634484589099884,0.6618022322654724,0.15629588067531586,0.15484119951725006,0.35756954550743103,0.29038140177726746,0.6961867213249207,0.5042586326599121,0.1473282426595688,0.14942540228366852,0.4629499614238739,0.1635812520980835,0.9997187256813049,0.5032103657722473,0.3691422939300537,0.26301640272140503,0.2802140712738037,0.18303534388542175,0.20623844861984253,0.18379686772823334,0.19497382640838623,0.15155750513076782,0.6669803857803345,0.14650318026542664,0.14318838715553284,0.35653379559516907,0.281203031539917,0.7030624747276306,0.49114108085632324,0.1458897888660431
83,1.0,0.15055586397647858,0.4792122542858124,0.16410870850086212,0.9993064999580383,0.4952161908149719,0.3857289254665375,0.26587966084480286,0.28172755241394043,0.18331433832645416,0.2132941484451294,0.18901509046554565,0.19986885786056519,0.15201902389526367,0.6684337854385376,0.15418751537799835,0.15387196838855743,0.35577550530433655,0.29016855359077454,0.6951257586479187,0.50230872631073,0.14154069125652313,0.15661531686782837,0.47126513719558716,0.17602913081645966,0.9996057152748108,0.5060447454452515,0.3910980820655823,0.26002293825149536,0.2777145206928253,0.17159447073936462,0.21366813778877258,0.18853923678398132,0.20168830454349518,0.15919242799282074,0.663813054561615,0.14541557431221008,0.1440865397453308,0.35648325085639954,0.2795698642730713,0.7039603590965271,0.48880985379219055,0.13937093317508698
84,1.0,0.15235333144664764,0.47347915172576904,0.16394080221652985,0.9991029500961304,0.5008206963539124,0.3849259614944458,0.26557910442352295,0.2688373625278473,0.18259771168231964,0.20954814553260803,0.18999367952346802,0.19606436789035797,0.1555774062871933,0.6692242622375488,0.1536935269832611,0.15342724323272705,0.35518011450767517,0.2886866331100464,0.6988939046859741,0.4960143566131592,0.14395922422409058,0.13632026314735413,0.4553433656692505,0.16455568373203278,0.9996033310890198,0.5031253099441528,0.38424399495124817,0.2644079029560089,0.26323628425598145,0.17798782885074615,0.19264653325080872,0.17899426817893982,0.18060718476772308,0.14449289441108704,0.6871926784515381,0.14515729248523712,0.1365574598312378,0.35629981756210327,0.2843204438686371,0.6986836791038513,0.47958657145500183,0.1411900818347931
85,1.0,0.14540822803974152,0.4816170632839203,0.1612202674150467,0.998692512512207,0.5016427040100098,0.375011682510376,0.2734038829803467,0.2671053111553192,0.18306802213191986,0.20706625282764435,0.19066855311393738,0.19525864720344543,0.1491236686706543,0.6715924143791199,0.15236268937587738,0.15088528394699097,0.3577645421028137,0.28605756163597107,0.6956921815872192,0.4952075779438019,0.1473640352487564,0.15183663368225098,0.47925087809562683,0.18501387536525726,0.9997664093971252,0.5052705407142639,0.38933849334716797,0.28063493967056274,0.2780953347682953,0.18057280778884888,0.19901959598064423,0.18480059504508972,0.19481214880943298,0.15377897024154663,0.6697275638580322,0.1464332491159439,0.1430864781141281,0.3535989820957184,0.2731130123138428,0.7061922550201416,0.4876074492931366,0.15005724132061005
86,1.0,0.1496472954750061,0.47738221287727356,0.17008985579013824,0.9991912245750427,0.5028364062309265,0.3704231381416321,0.2712559401988983,0.28305262327194214,0.18222671747207642,0.2033296823501587,0.1933916062116623,0.20062418282032013,0.15278486907482147,0.6694417595863342,0.15560322999954224,0.15304400026798248,0.3523867726325989,0.2882075011730194,0.6966134905815125,0.5007230639457703,0.14674696326255798,0.15758702158927917,0.4708479344844818,0.16524972021579742,0.9996505379676819,0.5066919326782227,0.35745200514793396,0.27476412057876587,0.2773314118385315,0.1784469187259674,0.1951049268245697,0.19447427988052368,0.20692196488380432,0.15880294144153595,0.658260703086853,0.15263770520687103,0.151357039809227,0.3500654995441437,0.2751713991165161,0.7054414749145508,0.49374133348464966,0.14492034912109375
87,1.0,0.15234139561653137,0.47483643889427185,0.17110541462898254,0.999319314956665,0.5027762651443481,0.3592891991138458,0.26556286215782166,0.275165855884552,0.18302929401397705,0.2015019655227661,0.18739312887191772,0.19453684985637665,0.15621721744537354,0.6661668419837952,0.15638522803783417,0.1557791531085968,0.3559827506542206,0.2809607684612274,0.6977709531784058,0.500499963760376,0.14513199031352997,0.1454859972000122,0.46585291624069214,0.18004721403121948,0.9995247721672058,0.5055853724479675,0.3754863440990448,0.27171704173088074,0.27468541264533997,0.1805514693260193,0.1953614056110382,0.18327930569648743,0.19587506353855133,0.15099206566810608,0.6819205284118652,0.14730405807495117,0.141727015376091,0.35646235942840576,0.28152382373809814,0.7025120854377747,0.4832576811313629,0.15583063662052155
88,1.0,0.14669065177440643,0.4753887951374054,0.17225176095962524,0.9992632865905762,0.5043476819992065,0.3674556016921997,0.269832044839859,0.27038338780403137,0.1856967806816101,0.2040618509054184,0.19052854180335999,0.19309721887111664,0.15105542540550232,0.6752414703369141,0.15572084486484528,0.1549995392560959,0.3582514524459839,0.28655174374580383,0.6964012980461121,0.4953671991825104,0.15035730600357056,0.14760474860668182,0.46716657280921936,0.17224957048892975,0.9996613264083862,0.5074144005775452,0.3702009916305542,0.2622871696949005,0.26342469453811646,0.17926891148090363,0.19895143806934357,0.18585222959518433,0.1956670582294464,0.151090607047081,0.6822669506072998,0.1494302898645401,0.1496131867170334,0.3545830547809601,0.2715102732181549,0.7040224671363831,0.47995391488075256,0.1469908207654953
89,1.0,0.14816944301128387,0.4724215567111969,0.16139759123325348,0.9991499185562134,0.5047418475151062,0.37410199642181396,0.26849570870399475,0.26896870136260986,0.1825351119041443,0.20359252393245697,0.19381731748580933,0.20294640958309174,0.15456286072731018,0.6689695715904236,0.15456652641296387,0.15348687767982483,0.3598470389842987,0.28494518995285034,0.6977839469909668,0.4977630078792572,0.15033727884292603,0.1482245773077011,0.4579051434993744,0.17749933898448944,0.9996920228004456,0.5053369402885437,0.3685998320579529,0.28851136565208435,0.2583427131175995,0.17827728390693665,0.18703988194465637,0.19431030750274658,0.20501378178596497,0.15420031547546387,0.6809902787208557,0.14781732857227325,0.13701759278774261,0.35583382844924927,0.27811580896377563,0.7044910192489624,0.4791961908340454,0.1517438441514969
90,1.0,0.1511668711900711,0.47695037722587585,0.16098621487617493,0.9991528987884521,0.5025487542152405,0.38405606150627136,0.27608925104141235,0.27618059515953064,0.18222245573997498,0.20607182383537292,0.19323019683361053,0.19715610146522522,0.15375471115112305,0.6631874442100525,0.1544438898563385,0.15359380841255188,0.3552972078323364,0.2836591303348541,0.6977308392524719,0.5003250241279602,0.14976385235786438,0.15495379269123077,0.47174733877182007,0.17395739257335663,0.9997516870498657,0.5061159133911133,0.3955385088920593,0.28427237272262573,0.27164316177368164,0.18007560074329376,0.20178328454494476,0.18747852742671967,0.19200778007507324,0.1545683592557907,0.6711699962615967,0.14657452702522278,0.14371144771575928,0.3545875549316406,0.2790786325931549,0.7055275440216064,0.4843071699142456,0.15397699177265167
91,1.0,0.15355448424816132,0.4778413474559784,0.1727350950241089,0.999588668346405,0.504327654838562,0.3762894570827484,0.27323898673057556,0.2768218219280243,0.18199287354946136,0.2103213518857956,0.19001157581806183,0.19074741005897522,0.15557023882865906,0.6667647957801819,0.15568427741527557,0.15479478240013123,0.35566508769989014,0.28678271174430847,0.6996484398841858,0.5003833770751953,0.15121740102767944,0.1524268239736557,0.4622180163860321,0.15167975425720215,0.9997072219848633,0.5057476162910461,0.3603568375110626,0.2631002366542816,0.2571416199207306,0.17634740471839905,0.19207356870174408,0.18462854623794556,0.19160740077495575,0.15407134592533112,0.6732301115989685,0.14757411181926727,0.1461487114429474,0.35372692346572876,0.2802802324295044,0.7041351199150085,0.4849296510219574,0.1529458612203598
92,1.0,0.1486792266368866,0.47114017605781555,0.16203200817108154,0.9995267987251282,0.5030611157417297,0.3736545741558075,0.26605674624443054,0.27389052510261536,0.18169137835502625,0.2023114413022995,0.1882118135690689,0.1929226517677307,0.14967423677444458,0.6687622666358948,0.1554257869720459,0.15622186660766602,0.35685551166534424,0.2821495831012726,0.697225034236908,0.5021221041679382,0.14732733368873596,0.14651073515415192,0.4654531478881836,0.1702250987291336,0.9997272491455078,0.5049625039100647,0.37376612424850464,0.2780509293079376,0.2593610882759094,0.17533689737319946,0.19648729264736176,0.1841435432434082,0.19749748706817627,0.14817526936531067,0.679922878742218,0.14854027330875397,0.14704571664333344,0.3517987132072449,0.2709941565990448,0.7041420340538025,0.4804072082042694,0.14788177609443665
93,1.0,0.1476692110300064,0.46654942631721497,0.16515034437179565,0.9993908405303955,0.5041153430938721,0.3707239329814911,0.26477521657943726,0.2733112871646881,0.1815071552991867,0.20199090242385864,0.18464690446853638,0.1873575747013092,0.1520269215106964,0.6712819933891296,0.15262077748775482,0.1508435308933258,0.3590492904186249,0.2835012376308441,0.6983890533447266,0.4986740052700043,0.14951571822166443,0.14751417934894562,0.4643043279647827,0.16853316128253937,0.9997822046279907,0.5054193735122681,0.3669276535511017,0.2646457850933075,0.26951903104782104,0.1746978610754013,0.18828575313091278,0.18626394867897034,0.19273622334003448,0.15124651789665222,0.6783978939056396,0.14777767658233643,0.14530222117900848,0.35638660192489624,0.27698150277137756,0.7047452926635742,0.4814998209476471,0.15115341544151306
94,1.0,0.1512794941663742,0.46596643328666687,0.1655259132385254,0.9993810653686523,0.5005573034286499,0.36403176188468933,0.26408815383911133,0.264883816242218,0.18102067708969116,0.20546409487724304,0.18902572989463806,0.1914507895708084,0.1529998779296875,0.6751248240470886,0.15211258828639984,0.15257342159748077,0.3560624420642853,0.2780839800834656,0.6991923451423645,0.4940968453884125,0.1474633812904358,0.14986993372440338,0.4562796354293823,0.1755979061126709,0.9996845722198486,0.5051109790802002,0.37914273142814636,0.2692885100841522,0.27142223715782166,0.17965391278266907,0.19114527106285095,0.1833290159702301,0.19239675998687744,0.15237657725811005,0.6729979515075684,0.1465640664100647,0.14448024332523346,0.35200148820877075,0.27181243896484375,0.7023465633392334,0.4891725182533264,0.1528296321630478
95,1.0,0.14819514751434326,0.458048939704895,0.1674092710018158,0.9992561936378479,0.49995988607406616,0.36176133155822754,0.2644103169441223,0.2725234031677246,0.18168048560619354,0.20551235973834991,0.18183544278144836,0.1822153776884079,0.1513599157333374,0.6687664985656738,0.1529383659362793,0.14780375361442566,0.3594009280204773,0.2857167720794678,0.7001360654830933,0.4983270764350891,0.1512909233570099,0.15216054022312164,0.4531494379043579,0.17775210738182068,0.9997828602790833,0.503322958946228,0.38868558406829834,0.2699119746685028,0.27941301465034485,0.1702292114496231,0.19786086678504944,0.17626874148845673,0.19045062363147736,0.15287034213542938,0.6640045046806335,0.14674526453018188,0.14554229378700256,0.3562983274459839,0.2705096900463104,0.6987317800521851,0.4887423515319824,0.1406555473804474
96,1.0,0.14687512814998627,0.45349931716918945,0.16643977165222168,0.9995839595794678,0.49196770787239075,0.3665768504142761,0.26245832443237305,0.26813414692878723,0.1797938346862793,0.20032018423080444,0.18683327734470367,0.19200964272022247,0.14976711571216583,0.6696741580963135,0.15611760318279266,0.15547236800193787,0.35466110706329346,0.2886078357696533,0.6982930302619934,0.49470430612564087,0.14522863924503326,0.1518608033657074,0.4532214403152466,0.18428078293800354,0.9997762441635132,0.4855348765850067,0.3810042142868042,0.2545105516910553,0.271877646446228,0.176393523812294,0.19112278521060944,0.1752418875694275,0.18321314454078674,0.15169963240623474,0.6706371307373047,0.14762835204601288,0.14698068797588348,0.3577956259250641,0.27418217062950134,0.7002501487731934,0.48588818311691284,0.14870887994766235
97,1.0,0.15201687812805176,0.4542911648750305,0.17270232737064362,0.9995604157447815,0.4921087920665741,0.3716062307357788,0.2663443684577942,0.2664991617202759,0.18205557763576508,0.20316223800182343,0.18563584983348846,0.1884133517742157,0.15486480295658112,0.6705382466316223,0.1537034958600998,0.15271608531475067,0.359730064868927,0.2863573431968689,0.6968942880630493,0.49457019567489624,0.1506018340587616,0.14591039717197418,0.43993693590164185,0.16761428117752075,0.9997649192810059,0.5008007287979126,0.37255364656448364,0.2632181942462921,0.2527415156364441,0.1744651198387146,0.1925322711467743,0.1735978126525879,0.1823527067899704,0.1495470106601715,0.6854011416435242,0.14775201678276062,0.14619192481040955,0.35678499937057495,0.2841518819332123,0.6949496269226074,0.4753517508506775,0.1562035083770752
98,1.0,0.14332644641399384,0.4585333466529846,0.1601037234067917,0.9996369481086731,0.49675092101097107,0.3662942945957184,0.26899614930152893,0.2626856565475464,0.1830316185951233,0.19765202701091766,0.18103407323360443,0.18357330560684204,0.14817319810390472,0.6751015186309814,0.15594173967838287,0.15336094796657562,0.36263343691825867,0.2922411262989044,0.6953815817832947,0.4945148825645447,0.1538933962583542,0.1400347799062729,0.45697909593582153,0.16198980808258057,0.9997838139533997,0.5041764974594116,0.36229804158210754,0.27891814708709717,0.24682758748531342,0.1744624674320221,0.18624751269817352,0.1751798540353775,0.1843152493238449,0.14606234431266785,0.6868441700935364,0.14520612359046936,0.1355050951242447,0.3579714298248291,0.2866210341453552,0.7036514282226562,0.4714909791946411,0.15697182714939117
99,1.0,0.1454981565475464,0.46642234921455383,0.16023124754428864,0.9995766282081604,0.49111735820770264,0.35829177498817444,0.2707832455635071,0.2629473805427551,0.18031145632266998,0.19917668402194977,0.17863859236240387,0.18100477755069733,0.1482776254415512,0.6739509105682373,0.15428414940834045,0.15174667537212372,0.35925185680389404,0.2901262640953064,0.6996718645095825,0.4940430521965027,0.15290696918964386,0.1509033441543579,0.4510143995285034,0.17131102085113525,0.9996623992919922,0.4907647967338562,0.34545037150382996,0.2671985924243927,0.2837125062942505,0.1735452115535736,0.19400940835475922,0.17826326191425323,0.18634414672851562,0.1526089310646057,0.6661907434463501,0.14925096929073334,0.15032988786697388,0.35404664278030396,0.2837570607662201,0.6991064548492432,0.4959765672683716,0.15447917580604553
100,1.0,0.14998918771743774,0.4683339595794678,0.16639187932014465,0.9992416501045227,0.48828694224357605,0.3528241515159607,0.26255714893341064,0.27503934502601624,0.1804339736700058,0.20428940653800964,0.186038538813591,0.19315806031227112,0.15330837666988373,0.6698181629180908,0.15523286163806915,0.1560831516981125,0.35789796710014343,0.2906075417995453,0.6990202069282532,0.49945709109306335,0.15033763647079468,0.1475515067577362,0.46150583028793335,0.17238008975982666,0.9997811317443848,0.4906001687049866,0.3653903901576996,0.2705775201320648,0.2552412450313568,0.17410843074321747,0.18327103555202484,0.17910407483577728,0.1869667023420334,0.14968915283679962,0.6751857995986938,0.14596551656723022,0.1415247768163681,0.35683855414390564,0.28068023920059204,0.703464150428772,0.4799085557460785,0.15129539370536804
101,1.0,0.14694900810718536,0.4689852297306061,0.16523735225200653,0.9996967315673828,0.48963311314582825,0.34433838725090027,0.26327475905418396,0.2655211091041565,0.17770232260227203,0.19658593833446503,0.18718639016151428,0.18571339547634125,0.14986692368984222,0.669912576675415,0.15402227640151978,0.15051931142807007,0.3596425950527191,0.2868425250053406,0.6983645558357239,0.49601641297340393,0.14968591928482056,0.15057781338691711,0.46287187933921814,0.16596589982509613,0.999752402305603,0.4948664605617523,0.3446349799633026,0.2688632905483246,0.2626815736293793,0.1712091863155365,0.17661038041114807,0.1847957819700241,0.19730807840824127,0.15094919502735138,0.6718270778656006,0.14799156785011292,0.14458061754703522,0.3545631766319275,0.28156518936157227,0.7054376006126404,0.4849914312362671,0.1528777778148651
102,1.0,0.15049508213996887,0.4656546711921692,0.1684907078742981,0.9990052580833435,0.4875432252883911,0.34364384412765503,0.27162933349609375,0.2615671455860138,0.17995333671569824,0.1949271857738495,0.18520928919315338,0.18555398285388947,0.1522272676229477,0.6714725494384766,0.15361136198043823,0.15124055743217468,0.3602129817008972,0.28974130749702454,0.7008332014083862,0.4952966272830963,0.15335167944431305,0.14510305225849152,0.46128663420677185,0.18249614536762238,0.9997873902320862,0.4873432517051697,0.3526899218559265,0.29374372959136963,0.25181227922439575,0.17498253285884857,0.18119660019874573,0.17627407610416412,0.18095868825912476,0.14978893101215363,0.6835915446281433,0.147483229637146,0.1410781741142273,0.35427549481391907,0.28255459666252136,0.7046931982040405,0.47449809312820435,0.15239043533802032
103,1.0,0.15119025111198425,0.4731036424636841,0.16795742511749268,0.9992316961288452,0.4871750771999359,0.34687942266464233,0.27457287907600403,0.2571824789047241,0.17797696590423584,0.20161181688308716,0.18570660054683685,0.18969868123531342,0.15090668201446533,0.6762857437133789,0.15487085282802582,0.15456852316856384,0.3552716076374054,0.28142988681793213,0.6987621784210205,0.49076980352401733,0.15038339793682098,0.1506427824497223,0.453687459230423,0.18656125664710999,0.999761164188385,0.4936012923717499,0.35980337858200073,0.2850934863090515,0.24346505105495453,0.17742232978343964,0.1792425662279129,0.17394433915615082,0.18102048337459564,0.15283459424972534,0.6814311146736145,0.14533695578575134,0.14288558065891266,0.3550156056880951,0.2755068242549896,0.6998454928398132,0.47256359457969666,0.1547350436449051
104,1.0,0.14816372096538544,0.4635254740715027,0.16998007893562317,0.9994552135467529,0.4876280426979065,0.3585881292819977,0.27109193801879883,0.25604766607284546,0.18066391348838806,0.19384555518627167,0.18524698913097382,0.185255229473114,0.1504681408405304,0.6730678081512451,0.15163317322731018,0.14730922877788544,0.36136335134506226,0.28528887033462524,0.7010297775268555,0.49131888151168823,0.15096290409564972,0.1412678211927414,0.4580051302909851,0.1691756248474121,0.9997909665107727,0.4931524395942688,0.3401930332183838,0.2673000991344452,0.2506054639816284,0.1730235517024994,0.1853245496749878,0.18184171617031097,0.1871616691350937,0.14674143493175507,0.6859288811683655,0.1450829952955246,0.13684222102165222,0.35577553510665894,0.2808743119239807,0.7048434019088745,0.4768874943256378,0.15521259605884552
105,1.0,0.1458844542503357,0.46132248640060425,0.16281189024448395,0.9992662072181702,0.48704224824905396,0.3477936089038849,0.2660834789276123,0.2540387511253357,0.17671580612659454,0.19463999569416046,0.18432122468948364,0.1872587949037552,0.1473252922296524,0.6742841601371765,0.1518813520669937,0.14977213740348816,0.3570373058319092,0.2832237482070923,0.7027660608291626,0.4927254319190979,0.14998580515384674,0.15354132652282715,0.45701780915260315,0.16392838954925537,0.9997510313987732,0.4952223002910614,0.3383348286151886,0.26303181052207947,0.2543496787548065,0.17716357111930847,0.18505236506462097,0.18509167432785034,0.19506561756134033,0.15318205952644348,0.6736687421798706,0.14997027814388275,0.14853154122829437,0.35305383801460266,0.27100998163223267,0.7030048966407776,0.4804026186466217,0.14626668393611908
106,1.0,0.1500011384487152,0.4486860930919647,0.16041968762874603,0.9991816878318787,0.4789089262485504,0.3424854576587677,0.2748218774795532,0.2565285861492157,0.1800176352262497,0.19145207107067108,0.18446284532546997,0.18832537531852722,0.1537836194038391,0.6738155484199524,0.15389472246170044,0.15253683924674988,0.3579469621181488,0.283946692943573,0.6989285945892334,0.491881787776947,0.14747850596904755,0.14596524834632874,0.4431884288787842,0.17011001706123352,0.9997563362121582,0.4784950613975525,0.3284382224082947,0.2677898705005646,0.24651017785072327,0.1709265559911728,0.1774909496307373,0.18492108583450317,0.19322854280471802,0.15150566399097443,0.6845423579216003,0.14639872312545776,0.13944154977798462,0.3551715314388275,0.28190621733665466,0.7012425661087036,0.4782927632331848,0.15632283687591553
107,1.0,0.1473190039396286,0.4622105360031128,0.16005684435367584,0.9992236495018005,0.47924959659576416,0.34912678599357605,0.27316612005233765,0.25878816843032837,0.1779453307390213,0.19715780019760132,0.18906551599502563,0.19620348513126373,0.15029561519622803,0.6692636013031006,0.15703970193862915,0.15347079932689667,0.35791724920272827,0.28350362181663513,0.7005583047866821,0.4964273273944855,0.15045344829559326,0.15515318512916565,0.4666753113269806,0.15636566281318665,0.9997503757476807,0.49379828572273254,0.36319512128829956,0.2736436724662781,0.25272855162620544,0.17669115960597992,0.1839812844991684,0.1925700306892395,0.20502011477947235,0.15495693683624268,0.6753982901573181,0.14996518194675446,0.1489935964345932,0.3549945056438446,0.27124863862991333,0.7058655619621277,0.47624507546424866,0.14945341646671295
108,1.0,0.14969861507415771,0.46117669343948364,0.16133777797222137,0.9987022280693054,0.48746955394744873,0.357355535030365,0.2726840376853943,0.2649487257003784,0.17948052287101746,0.20063018798828125,0.1892038881778717,0.19969692826271057,0.1517517864704132,0.6673308610916138,0.15361744165420532,0.15484900772571564,0.3587166368961334,0.27891746163368225,0.7002907991409302,0.4985998272895813,0.15279600024223328,0.15837325155735016,0.4586624205112457,0.16695436835289001,0.9997365474700928,0.4872276782989502,0.35414525866508484,0.2753181755542755,0.255079984664917,0.178888201713562,0.1910773366689682,0.18813087046146393,0.19755145907402039,0.15636703372001648,0.6736556887626648,0.14880001544952393,0.15296529233455658,0.3528773784637451,0.26951858401298523,0.7032372951507568,0.4790421724319458,0.15266969799995422
109,1.0,0.15257330238819122,0.45850813388824463,0.15726643800735474,0.9988887906074524,0.4843725562095642,0.35807541012763977,0.27787309885025024,0.2540106773376465,0.178404301404953,0.1971156746149063,0.18710815906524658,0.1925891637802124,0.15323281288146973,0.6716190576553345,0.15453118085861206,0.15576402842998505,0.35823747515678406,0.279461145401001,0.7006412744522095,0.49272364377975464,0.15223626792430878,0.14671151340007782,0.45829659700393677,0.16300609707832336,0.9997052550315857,0.4887778162956238,0.36136168241500854,0.2669331431388855,0.24260547757148743,0.17564566433429718,0.1759456992149353,0.18297737836837769,0.1894005537033081,0.14889782667160034,0.6902636289596558,0.14514638483524323,0.14167392253875732,0.3554965853691101,0.27204442024230957,0.702988862991333,0.470523864030838,0.15378659963607788
110,1.0,0.14323213696479797,0.45970067381858826,0.1494971066713333,0.9989908933639526,0.4773465692996979,0.350334107875824,0.26781705021858215,0.24839918315410614,0.17680081725120544,0.18771053850650787,0.18406952917575836,0.18598240613937378,0.14614316821098328,0.6752551794052124,0.15337108075618744,0.1513984501361847,0.3569277822971344,0.28095030784606934,0.7002326846122742,0.4895096719264984,0.15259723365306854,0.15605810284614563,0.4544627368450165,0.16557036340236664,0.9997577667236328,0.4819088280200958,0.3781406879425049,0.2901262640953064,0.25300857424736023,0.16937914490699768,0.18304075300693512,0.17866970598697662,0.18638566136360168,0.15396858751773834,0.6755420565605164,0.14925944805145264,0.1510869413614273,0.35398250818252563,0.2679906189441681,0.6994603276252747,0.47597330808639526,0.1437826305627823
111,1.0,0.15087494254112244,0.4522678554058075,0.16640454530715942,0.9992666244506836,0.47530287504196167,0.3607896566390991,0.27372950315475464,0.25850099325180054,0.1769503653049469,0.19358907639980316,0.18695387244224548,0.1932573765516281,0.15089572966098785,0.6695775389671326,0.15265041589736938,0.15261846780776978,0.3589955270290375,0.28311339020729065,0.6994428038597107,0.4917064905166626,0.15145473182201385,0.14732757210731506,0.43522003293037415,0.1689712554216385,0.9996508955955505,0.4746026396751404,0.3786575496196747,0.284062922000885,0.2545132637023926,0.170772984623909,0.18307386338710785,0.1823963224887848,0.1905289888381958,0.14837370812892914,0.6812925338745117,0.14686621725559235,0.1485866755247116,0.3529663681983948,0.2728164494037628,0.6939210295677185,0.47934505343437195,0.1441567838191986
112,1.0,0.14757288992404938,0.44211065769195557,0.1551515907049179,0.9994491338729858,0.46833404898643494,0.34873726963996887,0.2710169553756714,0.24937723577022552,0.1771279275417328,0.19131866097450256,0.18572424352169037,0.18745793402194977,0.1500036120414734,0.6785654425621033,0.1518983691930771,0.1529920995235443,0.35842883586883545,0.28487420082092285,0.6971353888511658,0.49140664935112,0.15217046439647675,0.1482451856136322,0.4273979365825653,0.1787377893924713,0.9997421503067017,0.4689081013202667,0.3533249497413635,0.2878246009349823,0.24836312234401703,0.17131365835666656,0.1832629293203354,0.18282172083854675,0.1884324848651886,0.14866815507411957,0.6777211427688599,0.1442267745733261,0.14443665742874146,0.3571817874908447,0.27855539321899414,0.6943725943565369,0.4807151257991791,0.1526392698287964
113,1.0,0.14831243455410004,0.4438968300819397,0.15749582648277283,0.9995226263999939,0.47180062532424927,0.3635057508945465,0.2717136740684509,0.25298142433166504,0.1766069382429123,0.19487717747688293,0.18765056133270264,0.1920880228281021,0.14942245185375214,0.6754422783851624,0.1524936556816101,0.15239636600017548,0.35683032870292664,0.28074508905410767,0.6993220448493958,0.4928235709667206,0.1473781019449234,0.14565213024616241,0.4412977695465088,0.16070152819156647,0.9997437596321106,0.47980067133903503,0.3737252950668335,0.26721930503845215,0.2472565621137619,0.17466703057289124,0.1817820966243744,0.18850405514240265,0.1948612481355667,0.1468048095703125,0.6877190470695496,0.14466272294521332,0.1429949253797531,0.35753506422042847,0.2821967899799347,0.6996422410011292,0.47223255038261414,0.15376003086566925
114,1.0,0.14743319153785706,0.4518364369869232,0.15599879622459412,0.9994052052497864,0.48037445545196533,0.35968533158302307,0.27366530895233154,0.2621060013771057,0.1780640184879303,0.1980619579553604,0.19172342121601105,0.1974981129169464,0.1498161256313324,0.6751973628997803,0.15473435819149017,0.15311583876609802,0.3591575622558594,0.2856009900569916,0.7005258202552795,0.49458834528923035,0.15249140560626984,0.1427675187587738,0.4501321017742157,0.17616336047649384,0.9997869729995728,0.48816946148872375,0.3648814857006073,0.2907017469406128,0.2489633709192276,0.17978204786777496,0.1719004511833191,0.18576890230178833,0.1928970217704773,0.14581502974033356,0.6855388879776001,0.14489679038524628,0.13950736820697784,0.35689911246299744,0.28057345747947693,0.7030496597290039,0.4781109392642975,0.15802925825119019
115,1.0,0.1480659395456314,0.4474431574344635,0.16643479466438293,0.9995911717414856,0.4840841293334961,0.3554668724536896,0.2727054953575134,0.26509612798690796,0.17518889904022217,0.19960305094718933,0.1921166479587555,0.1963302344083786,0.14808613061904907,0.671474277973175,0.1503884345293045,0.15280689299106598,0.35739174485206604,0.28459352254867554,0.697989284992218,0.49781501293182373,0.14959090948104858,0.1530459076166153,0.4487821161746979,0.15802864730358124,0.999758780002594,0.4946846067905426,0.34131550788879395,0.2806784510612488,0.2476697415113449,0.17038863897323608,0.18705956637859344,0.20073100924491882,0.21070803701877594,0.15114304423332214,0.6807528734207153,0.1470470279455185,0.15033438801765442,0.35358095169067383,0.27774015069007874,0.7017834186553955,0.47614043951034546,0.1474309265613556
116,1.0,0.147149458527565,0.4461430609226227,0.15492889285087585,0.9990853071212769,0.4801473617553711,0.34711953997612,0.2799133062362671,0.257723867893219,0.17637141048908234,0.1946399062871933,0.19272296130657196,0.1963602900505066,0.14575137197971344,0.6751604080200195,0.15620186924934387,0.15496192872524261,0.35583385825157166,0.28422704339027405,0.699451744556427,0.49381357431411743,0.15034739673137665,0.14211738109588623,0.44902944564819336,0.15372873842716217,0.9997740983963013,0.4770188331604004,0.31835734844207764,0.2715589106082916,0.24156774580478668,0.17152507603168488,0.17723800241947174,0.18342803418636322,0.19217011332511902,0.1436234414577484,0.6846343874931335,0.14508125185966492,0.14201176166534424,0.3567315340042114,0.2772461473941803,0.7017370462417603,0.47242024540901184,0.15382185578346252
117,1.0,0.14650453627109528,0.4545433223247528,0.15919360518455505,0.9996358156204224,0.47316575050354004,0.34040191769599915,0.27608722448349,0.2544513940811157,0.17577341198921204,0.19193081557750702,0.1862834393978119,0.1907196044921875,0.14709895849227905,0.6764480471611023,0.15189522504806519,0.15108180046081543,0.35825079679489136,0.282846599817276,0.7011911869049072,0.49088767170906067,0.15338337421417236,0.14470554888248444,0.45008835196495056,0.15643629431724548,0.9997657537460327,0.4743393361568451,0.34296852350234985,0.27845627069473267,0.2457733452320099,0.1764524132013321,0.1774330884218216,0.18992574512958527,0.19729208946228027,0.14687761664390564,0.6834986209869385,0.14910760521888733,0.14737795293331146,0.3526572287082672,0.2735007405281067,0.7019734382629395,0.4759606719017029,0.14927314221858978
118,1.0,0.14289365708827972,0.44079574942588806,0.16297666728496552,0.9996854066848755,0.4767458438873291,0.3465055823326111,0.26967713236808777,0.2537843883037567,0.17595230042934418,0.19138924777507782,0.19219516217708588,0.19675883650779724,0.1490297019481659,0.6776318550109863,0.15434740483760834,0.15105561912059784,0.35628920793533325,0.2790250778198242,0.69933021068573,0.4916130602359772,0.14975084364414215,0.14388318359851837,0.4319956600666046,0.17126090824604034,0.9997607469558716,0.47318488359451294,0.3841145932674408,0.2854572534561157,0.2608773112297058,0.1738530844449997,0.16961875557899475,0.19070082902908325,0.20085372030735016,0.14873971045017242,0.6706392765045166,0.1451287418603897,0.14259661734104156,0.35531118512153625,0.2746489942073822,0.6974456906318665,0.48733657598495483,0.15515325963497162
119,1.0,0.14335595071315765,0.4422665536403656,0.1648002564907074,0.9990572929382324,0.4773866832256317,0.35010358691215515,0.27738723158836365,0.26366257667541504,0.17755596339702606,0.1807994693517685,0.18823416531085968,0.19260887801647186,0.14854761958122253,0.6743699312210083,0.1554851531982422,0.1505187451839447,0.35918277502059937,0.28119707107543945,0.7000945806503296,0.4982365369796753,0.15104281902313232,0.1404954344034195,0.4348357915878296,0.1880466192960739,0.9997633099555969,0.4781777858734131,0.3704334795475006,0.2929532527923584,0.267935186624527,0.1752794235944748,0.17185206711292267,0.18269352614879608,0.189628005027771,0.141738623380661,0.670968234539032,0.14537028968334198,0.1417490690946579,0.35570329427719116,0.277723103761673,0.696293830871582,0.4922640323638916,0.1553153097629547
120,1.0,0.14289793372154236,0.4421005845069885,0.16660726070404053,0.9995636940002441,0.48191702365875244,0.36406734585762024,0.2769567668437958,0.2641819417476654,0.17685069143772125,0.18693403899669647,0.18719622492790222,0.1933773159980774,0.1456754207611084,0.6762014031410217,0.15214887261390686,0.15050016343593597,0.3590669333934784,0.28561142086982727,0.6994566917419434,0.4995073676109314,0.1499045342206955,0.1411416232585907,0.4191220998764038,0.1707632839679718,0.9997574090957642,0.475367933511734,0.3604097366333008,0.27566200494766235,0.25058600306510925,0.17431898415088654,0.1686517596244812,0.17749173939228058,0.18650680780410767,0.14498837292194366,0.6833099126815796,0.14430703222751617,0.13828828930854797,0.3569026291370392,0.2742641866207123,0.693618893623352,0.4734828770160675,0.15045908093452454
121,1.0,0.14057950675487518,0.4343413710594177,0.1646488606929779,0.999664306640625,0.48345789313316345,0.34713444113731384,0.2668847441673279,0.2594432532787323,0.17575520277023315,0.18745985627174377,0.18660618364810944,0.1931808739900589,0.14482365548610687,0.6763346195220947,0.15083032846450806,0.14817897975444794,0.35922545194625854,0.2814142107963562,0.6990188956260681,0.4930075705051422,0.1525089591741562,0.13899704813957214,0.43381333351135254,0.17106229066848755,0.9997762441635132,0.48933759331703186,0.35443314909935,0.2921467423439026,0.24680940806865692,0.17012012004852295,0.17169708013534546,0.19542111456394196,0.20579135417938232,0.14567378163337708,0.6815133690834045,0.14577841758728027,0.13671091198921204,0.3576531410217285,0.2784101963043213,0.7001564502716064,0.47794070839881897,0.15475787222385406
122,1.0,0.13901889324188232,0.44765326380729675,0.16713061928749084,0.9995554685592651,0.48106056451797485,0.341996431350708,0.2808986008167267,0.2550886571407318,0.17574436962604523,0.18279580771923065,0.19155168533325195,0.19556966423988342,0.14419536292552948,0.6772121787071228,0.15387649834156036,0.1463693529367447,0.3608803153038025,0.28388145565986633,0.7025593519210815,0.4945555627346039,0.15487240254878998,0.1349097341299057,0.4448338747024536,0.18303298950195312,0.9997760057449341,0.4720030128955841,0.3500572741031647,0.29779040813446045,0.24599990248680115,0.1831725537776947,0.1691330224275589,0.1875210851430893,0.19172070920467377,0.13911813497543335,0.6863301396369934,0.14639467000961304,0.14046214520931244,0.35733163356781006,0.28600960969924927,0.7023061513900757,0.47599413990974426,0.15790140628814697
123,1.0,0.13834957778453827,0.43964684009552,0.16743384301662445,0.9996141791343689,0.4825294613838196,0.33982187509536743,0.27390366792678833,0.2507002651691437,0.1750440150499344,0.1884414404630661,0.18580718338489532,0.18941110372543335,0.14165987074375153,0.6769431233406067,0.15102733671665192,0.14721918106079102,0.3570503890514374,0.28515636920928955,0.7000950574874878,0.49105164408683777,0.15265975892543793,0.14141258597373962,0.44206780195236206,0.17240794003009796,0.9997621774673462,0.486290842294693,0.32639870047569275,0.2791784703731537,0.24362438917160034,0.1704302281141281,0.1699589192867279,0.18498939275741577,0.19501107931137085,0.14196647703647614,0.6845631003379822,0.1430739313364029,0.13994991779327393,0.356537401676178,0.27414169907569885,0.7019141316413879,0.47372716665267944,0.15441051125526428
124,1.0,0.14395323395729065,0.4403366148471832,0.16657139360904694,0.9997268915176392,0.47287657856941223,0.33348190784454346,0.267092764377594,0.2507970631122589,0.1755942553281784,0.18547005951404572,0.1823931485414505,0.18778549134731293,0.14464639127254486,0.6759447455406189,0.15113148093223572,0.14840905368328094,0.3581888675689697,0.28123071789741516,0.7000682950019836,0.4914415776729584,0.14865341782569885,0.14298473298549652,0.4338333010673523,0.16765442490577698,0.9997897744178772,0.47160354256629944,0.31964734196662903,0.2669716477394104,0.23820579051971436,0.16932383179664612,0.17041440308094025,0.18050572276115417,0.18823787569999695,0.14385202527046204,0.685965359210968,0.14273852109909058,0.13952162861824036,0.3591504395008087,0.2799341380596161,0.6993343830108643,0.47279587388038635,0.15782727301120758
125,1.0,0.14622966945171356,0.4418826103210449,0.17109525203704834,0.9997117519378662,0.4757446050643921,0.3340570330619812,0.2690320909023285,0.2484765499830246,0.17321638762950897,0.1863526850938797,0.18180027604103088,0.18382257223129272,0.14660312235355377,0.6748666167259216,0.15142886340618134,0.14977328479290009,0.3557697832584381,0.2822963297367096,0.7008445262908936,0.49253377318382263,0.14836879074573517,0.13827168941497803,0.41586124897003174,0.18412652611732483,0.9997804164886475,0.47411254048347473,0.3540017604827881,0.28272420167922974,0.23971553146839142,0.17447470128536224,0.16316741704940796,0.17843888700008392,0.18756252527236938,0.14102794229984283,0.6875152587890625,0.14332006871700287,0.1382913738489151,0.3589451014995575,0.27917006611824036,0.690738320350647,0.47212836146354675,0.151200532913208
126,1.0,0.14286114275455475,0.43642786145210266,0.16496486961841583,0.999562680721283,0.48084649443626404,0.3454788625240326,0.2727661430835724,0.2508302628993988,0.1758020967245102,0.17896966636180878,0.181935116648674,0.1877618283033371,0.14556188881397247,0.6757046580314636,0.14961391687393188,0.14737261831760406,0.3581692576408386,0.2812466323375702,0.6988497972488403,0.49096399545669556,0.15048937499523163,0.1421065777540207,0.45161205530166626,0.1602088212966919,0.9997816681861877,0.49329814314842224,0.32800182700157166,0.26684918999671936,0.24490384757518768,0.16963940858840942,0.16859763860702515,0.18702015280723572,0.19465456902980804,0.14396509528160095,0.6831530332565308,0.14276030659675598,0.14043384790420532,0.35551151633262634,0.2755586504936218,0.7051442265510559,0.4789872467517853,0.15952423214912415
127,1.0,0.14514923095703125,0.4397917687892914,0.16305787861347198,0.9990873336791992,0.49144625663757324,0.35556653141975403,0.27752238512039185,0.2522960603237152,0.17553570866584778,0.18759717047214508,0.19061896204948425,0.19305701553821564,0.14724618196487427,0.6717278957366943,0.15529794991016388,0.15113352239131927,0.36238783597946167,0.28177714347839355,0.6983615159988403,0.4936240017414093,0.15426909923553467,0.1419137716293335,0.4160768389701843,0.17242813110351562,0.9997776746749878,0.49418485164642334,0.3550240993499756,0.2862880825996399,0.24965499341487885,0.16737478971481323,0.1718192845582962,0.18811330199241638,0.19885331392288208,0.14623475074768066,0.6834702491760254,0.14554566144943237,0.1392337679862976,0.35736083984375,0.2761034071445465,0.6913370490074158,0.4771510064601898,0.1524895280599594
128,1.0,0.1451621651649475,0.434585303068161,0.15614846348762512,0.9989858865737915,0.48993203043937683,0.3436369001865387,0.2737365663051605,0.26256781816482544,0.1758698672056198,0.18963280320167542,0.19021351635456085,0.19658170640468597,0.14526604115962982,0.6697356104850769,0.1528741419315338,0.1529933661222458,0.3607279360294342,0.28087690472602844,0.6963083148002625,0.4974101781845093,0.15169325470924377,0.14452128112316132,0.4252149760723114,0.1685137152671814,0.9997606873512268,0.49365460872650146,0.33819594979286194,0.286346971988678,0.25138574838638306,0.17325176298618317,0.1719326376914978,0.1925988346338272,0.2047024816274643,0.1484415978193283,0.6746605038642883,0.14419007301330566,0.14095978438854218,0.3573879599571228,0.2807537913322449,0.6956402063369751,0.48343780636787415,0.15935970842838287
129,1.0,0.14639714360237122,0.4336608946323395,0.1619439572095871,0.9994820356369019,0.49026936292648315,0.34308141469955444,0.27443838119506836,0.25731128454208374,0.17389622330665588,0.18958072364330292,0.19266878068447113,0.20128919184207916,0.14725038409233093,0.666028618812561,0.15060096979141235,0.15176166594028473,0.35901740193367004,0.27734580636024475,0.697573184967041,0.4983682632446289,0.14983505010604858,0.1445034295320511,0.43194568157196045,0.18853062391281128,0.9997909069061279,0.49383121728897095,0.34707924723625183,0.28507786989212036,0.2634168565273285,0.16927553713321686,0.17722803354263306,0.18702344596385956,0.19654706120491028,0.14410148561000824,0.670853316783905,0.14573010802268982,0.14373287558555603,0.35607945919036865,0.27298954129219055,0.6975367665290833,0.4895588457584381,0.149635910987854
130,1.0,0.14459218084812164,0.4303895831108093,0.16323763132095337,0.9995800256729126,0.49198058247566223,0.3529452085494995,0.2768154740333557,0.26764875650405884,0.1773630976676941,0.18661271035671234,0.19313488900661469,0.19636110961437225,0.14962199330329895,0.6697366237640381,0.155806764960289,0.1512393355369568,0.3583606779575348,0.2860383093357086,0.6957650184631348,0.4974377453327179,0.14727500081062317,0.14329931139945984,0.42907994985580444,0.1598372757434845,0.9997854828834534,0.4986414611339569,0.3372947573661804,0.2811957597732544,0.24630855023860931,0.17028674483299255,0.17611584067344666,0.18987436592578888,0.19762597978115082,0.14612315595149994,0.6811245083808899,0.14769698679447174,0.14088818430900574,0.3546828329563141,0.28001683950424194,0.6969165205955505,0.4753265082836151,0.14967243373394012
131,1.0,0.14193136990070343,0.43355074524879456,0.15474286675453186,0.9995998740196228,0.4915926158428192,0.3405548334121704,0.2732328176498413,0.25051939487457275,0.17459209263324738,0.18204393982887268,0.18674395978450775,0.19096507132053375,0.14545637369155884,0.6821315884590149,0.1526927649974823,0.14949147403240204,0.35676220059394836,0.28104230761528015,0.6994450092315674,0.4891873598098755,0.14995495975017548,0.14784559607505798,0.4288698732852936,0.16154085099697113,0.9997775554656982,0.49051764607429504,0.34564265608787537,0.28323236107826233,0.24139821529388428,0.16789846122264862,0.16936646401882172,0.18675895035266876,0.19578781723976135,0.15009565651416779,0.6793853640556335,0.14572662115097046,0.14563901722431183,0.3561553955078125,0.27390551567077637,0.6973344683647156,0.4759953022003174,0.15402637422084808
132,1.0,0.14545287191867828,0.430781751871109,0.1637650579214096,0.9991854429244995,0.4891243577003479,0.3378477990627289,0.2757214307785034,0.24949781596660614,0.17314410209655762,0.17844881117343903,0.18248297274112701,0.18657919764518738,0.14780709147453308,0.6732913255691528,0.15014740824699402,0.15126977860927582,0.3568338453769684,0.27844148874282837,0.6974441409111023,0.4923703968524933,0.14941535890102386,0.13872192800045013,0.4264051616191864,0.1720842868089676,0.9997865557670593,0.4926965832710266,0.32935631275177,0.2889254093170166,0.23997287452220917,0.16804958879947662,0.165405735373497,0.1847619116306305,0.19325818121433258,0.1434154361486435,0.6902968287467957,0.144254669547081,0.13848719000816345,0.3574099838733673,0.2779487669467926,0.6972957253456116,0.4724564254283905,0.15162277221679688
133,1.0,0.14139717817306519,0.42841121554374695,0.16443701088428497,0.9996445178985596,0.4834064841270447,0.333266943693161,0.2756540775299072,0.2536817491054535,0.1751965433359146,0.17715498805046082,0.18665766716003418,0.1864336133003235,0.14643214643001556,0.6775785684585571,0.15265081822872162,0.14869554340839386,0.36036813259124756,0.28420290350914,0.6971725821495056,0.4936290383338928,0.15355411171913147,0.14302842319011688,0.4252087473869324,0.17516547441482544,0.9997613430023193,0.4902687966823578,0.3239326477050781,0.2768043279647827,0.2462107241153717,0.1735025942325592,0.16695252060890198,0.1833934485912323,0.18918824195861816,0.1438761055469513,0.6875203847885132,0.14535900950431824,0.143753319978714,0.3571666181087494,0.2816127836704254,0.6962528228759766,0.47527745366096497,0.15466204285621643
134,1.0,0.143919438123703,0.43138012290000916,0.16643652319908142,0.9990577101707458,0.48897409439086914,0.3403562605381012,0.2718158960342407,0.25723981857299805,0.17389346659183502,0.17748785018920898,0.1874636709690094,0.18727561831474304,0.14898590743541718,0.6729441285133362,0.15493810176849365,0.15206876397132874,0.35974064469337463,0.2863856852054596,0.6987425088882446,0.49710506200790405,0.15378107130527496,0.14103077352046967,0.41830307245254517,0.17595991492271423,0.9997654557228088,0.47903555631637573,0.3698360025882721,0.27659809589385986,0.2507753372192383,0.16774727404117584,0.16284380853176117,0.18339790403842926,0.18599648773670197,0.14527550339698792,0.6807319521903992,0.14715857803821564,0.1382853388786316,0.35444867610931396,0.2742347717285156,0.6932845711708069,0.48015299439430237,0.15154632925987244
135,1.0,0.14364168047904968,0.4186546504497528,0.163542240858078,0.9996964335441589,0.479847252368927,0.33465078473091125,0.27231237292289734,0.25502750277519226,0.17199867963790894,0.1791517734527588,0.18544116616249084,0.18601489067077637,0.14922524988651276,0.6778173446655273,0.15271323919296265,0.14903485774993896,0.35689058899879456,0.28141891956329346,0.6938279271125793,0.4934229254722595,0.14875145256519318,0.15083011984825134,0.41396936774253845,0.17292752861976624,0.9997750520706177,0.48703107237815857,0.34824874997138977,0.2831374406814575,0.2620694041252136,0.17009016871452332,0.17498156428337097,0.19227726757526398,0.2008458971977234,0.15251779556274414,0.6702979207038879,0.14761145412921906,0.14633165299892426,0.356622576713562,0.27470406889915466,0.6907144784927368,0.4874784052371979,0.1497797966003418
136,1.0,0.14704225957393646,0.4251020848751068,0.1571875363588333,0.9995036721229553,0.48634377121925354,0.344125360250473,0.2754347026348114,0.25911760330200195,0.1742413491010666,0.18344365060329437,0.19305647909641266,0.1919379085302353,0.15169228613376617,0.6698910593986511,0.1541394740343094,0.15150171518325806,0.3577382564544678,0.2838788330554962,0.6956659555435181,0.4953041076660156,0.14994190633296967,0.15011349320411682,0.4267580211162567,0.16074517369270325,0.9997524619102478,0.494111567735672,0.3412690758705139,0.28006088733673096,0.2491205930709839,0.16485686600208282,0.16870762407779694,0.1910574734210968,0.20224682986736298,0.15181612968444824,0.6808328032493591,0.14538510143756866,0.144237220287323,0.35586512088775635,0.2772177457809448,0.6971117258071899,0.47886741161346436,0.15417146682739258
137,1.0,0.1460680514574051,0.4283849596977234,0.15822675824165344,0.9994251728057861,0.4921199381351471,0.32169705629348755,0.26842376589775085,0.2522243857383728,0.17257319390773773,0.18151572346687317,0.18470875918865204,0.18699103593826294,0.15094047784805298,0.6764467358589172,0.15193824470043182,0.14650730788707733,0.356540709733963,0.28376588225364685,0.6975743770599365,0.49437811970710754,0.1501379758119583,0.1374255269765854,0.42366740107536316,0.1659211814403534,0.9997612833976746,0.49614670872688293,0.3217683732509613,0.2699008584022522,0.24284406006336212,0.17251357436180115,0.16457022726535797,0.17520803213119507,0.1800750344991684,0.14307524263858795,0.6885852813720703,0.14151811599731445,0.12945649027824402,0.35745251178741455,0.28097638487815857,0.697218656539917,0.4720541834831238,0.1565001904964447
138,1.0,0.14507228136062622,0.42515915632247925,0.15077856183052063,0.9994826912879944,0.4946589171886444,0.318838506937027,0.2730879485607147,0.25281408429145813,0.1726212352514267,0.18245624005794525,0.1845158487558365,0.1842847764492035,0.15000872313976288,0.6772757172584534,0.15089817345142365,0.14536258578300476,0.3576201796531677,0.28149643540382385,0.6958416104316711,0.49372273683547974,0.15216803550720215,0.1501736342906952,0.429349809885025,0.14513897895812988,0.9997705221176147,0.4989936351776123,0.31210288405418396,0.26066097617149353,0.2498900145292282,0.16914810240268707,0.16990451514720917,0.18542876839637756,0.19398683309555054,0.15302038192749023,0.67527836561203,0.14476269483566284,0.14132662117481232,0.35755786299705505,0.2700352966785431,0.6972372531890869,0.47834956645965576,0.15178030729293823
139,1.0,0.14287187159061432,0.42636391520500183,0.13622894883155823,0.9996424317359924,0.4882242679595947,0.3203617334365845,0.2702268660068512,0.25438007712364197,0.17366762459278107,0.18050983548164368,0.18795296549797058,0.18679554760456085,0.14880849421024323,0.6721276044845581,0.15068183839321136,0.14540572464466095,0.35813432931900024,0.27863097190856934,0.6966955661773682,0.4942020773887634,0.15277224779129028,0.1406257003545761,0.4075784981250763,0.14668986201286316,0.9997639656066895,0.489343523979187,0.30627650022506714,0.2831017076969147,0.24205288290977478,0.17114530503749847,0.16327759623527527,0.1903153955936432,0.19440755248069763,0.14729970693588257,0.6940097808837891,0.1442422717809677,0.13343502581119537,0.35754522681236267,0.278287798166275,0.692021369934082,0.47298699617385864,0.14871428906917572
140,1.0,0.14535225927829742,0.42446720600128174,0.14523018896579742,0.9993066191673279,0.487081378698349,0.3194374144077301,0.2734500467777252,0.2566864490509033,0.17398162186145782,0.17972725629806519,0.19755493104457855,0.19479645788669586,0.1517949104309082,0.6753023862838745,0.1532173603773117,0.14773917198181152,0.35647040605545044,0.2840622365474701,0.6968325972557068,0.4948562681674957,0.14875873923301697,0.14797277748584747,0.4286559522151947,0.1548372060060501,0.9997755885124207,0.48387277126312256,0.31603100895881653,0.2783316373825073,0.2429344803094864,0.16288524866104126,0.16725347936153412,0.2002275288105011,0.20714730024337769,0.1503228098154068,0.6821362376213074,0.1478915512561798,0.1460421234369278,0.35547935962677,0.2685169279575348,0.6985782384872437,0.47563156485557556,0.14979560673236847
141,1.0,0.14503666758537292,0.42309895157814026,0.1490328460931778,0.9997117519378662,0.47957730293273926,0.32040655612945557,0.27079859375953674,0.2448665052652359,0.17147715389728546,0.1754257082939148,0.18866762518882751,0.1882193386554718,0.14999140799045563,0.6783410906791687,0.15079563856124878,0.1489979773759842,0.3553929030895233,0.2738308310508728,0.6964383125305176,0.4896188974380493,0.14985063672065735,0.14625239372253418,0.4104398787021637,0.15727263689041138,0.999753475189209,0.47067493200302124,0.3469882607460022,0.2743639647960663,0.2423773556947708,0.1688215583562851,0.16436834633350372,0.18474234640598297,0.19333280622959137,0.14779679477214813,0.680741012096405,0.1428307294845581,0.1411243975162506,0.357686847448349,0.26957011222839355,0.6921514272689819,0.4761260747909546,0.15681223571300507
142,1.0,0.14483439922332764,0.4221998453140259,0.15151219069957733,0.9995043873786926,0.47014039754867554,0.32499074935913086,0.26993149518966675,0.25209200382232666,0.17283017933368683,0.17892290651798248,0.18659494817256927,0.18669283390045166,0.14867593348026276,0.6786938905715942,0.1483929455280304,0.14824026823043823,0.3569265305995941,0.2814907729625702,0.6958879232406616,0.4922330677509308,0.15005290508270264,0.14865343272686005,0.4276527464389801,0.16215446591377258,0.9997641444206238,0.46899545192718506,0.31469792127609253,0.2697208821773529,0.24164614081382751,0.17120786011219025,0.16557735204696655,0.17940551042556763,0.18605858087539673,0.1471625417470932,0.6828036904335022,0.14221405982971191,0.14309391379356384,0.3565371334552765,0.27144646644592285,0.6980069875717163,0.4749385118484497,0.1558302640914917
143,1.0,0.1451583057641983,0.42789962887763977,0.14174491167068481,0.9996562004089355,0.4835440516471863,0.3160097301006317,0.2641136646270752,0.254398912191391,0.17171359062194824,0.18210053443908691,0.18749336898326874,0.1884867399930954,0.14949508011341095,0.6767102479934692,0.15158644318580627,0.15031994879245758,0.3601732552051544,0.28070878982543945,0.6975881457328796,0.4941314458847046,0.15365450084209442,0.1430846005678177,0.4266255795955658,0.16972865164279938,0.9997597932815552,0.48179104924201965,0.31808826327323914,0.26736220717430115,0.2549099624156952,0.17763751745224,0.16734011471271515,0.18130649626255035,0.1836523711681366,0.14361529052257538,0.6814439296722412,0.14545677602291107,0.14226017892360687,0.35691404342651367,0.2769443988800049,0.6966711282730103,0.4824197590351105,0.15627333521842957
144,1.0,0.14245641231536865,0.4280848503112793,0.1453080028295517,0.9994431138038635,0.4872392416000366,0.3269190192222595,0.2646097242832184,0.2606319785118103,0.17196878790855408,0.1891285926103592,0.18379832804203033,0.18386900424957275,0.14534403383731842,0.6739312410354614,0.1483219712972641,0.1491643786430359,0.36135879158973694,0.2856465280056,0.6952288150787354,0.4969066381454468,0.15077583491802216,0.14746098220348358,0.43059027194976807,0.15602163970470428,0.9997281432151794,0.48770275712013245,0.3276647627353668,0.2726272642612457,0.25353673100471497,0.1697445809841156,0.17856426537036896,0.18639254570007324,0.19754143059253693,0.1489705741405487,0.6765916347503662,0.14335128664970398,0.1416412591934204,0.35631611943244934,0.2785799503326416,0.6987603306770325,0.48234933614730835,0.15575464069843292
145,1.0,0.14821414649486542,0.43907979130744934,0.1542002260684967,0.9996538162231445,0.4834520220756531,0.3343711495399475,0.26861101388931274,0.25329041481018066,0.17165818810462952,0.190227672457695,0.19009099900722504,0.19331973791122437,0.14900702238082886,0.6731538772583008,0.1535622477531433,0.15303809940814972,0.3583680987358093,0.28330451250076294,0.6994638442993164,0.4930706322193146,0.15266703069210052,0.14533379673957825,0.43301478028297424,0.1653551608324051,0.9996973872184753,0.4794832468032837,0.3295753598213196,0.27003246545791626,0.24313174188137054,0.16742941737174988,0.1657373607158661,0.1899772435426712,0.1999325454235077,0.1470678150653839,0.6850360035896301,0.1452583372592926,0.1444377899169922,0.3587166368961334,0.2786535918712616,0.6989026069641113,0.47462162375450134,0.15192434191703796
146,1.0,0.14411655068397522,0.4330640733242035,0.15640443563461304,0.9994433522224426,0.4835393726825714,0.33262893557548523,0.26135677099227905,0.25315266847610474,0.17177627980709076,0.18309733271598816,0.19032405316829681,0.19591310620307922,0.1454147845506668,0.6775406002998352,0.15092714130878448,0.15199801325798035,0.36243733763694763,0.28688836097717285,0.6973240375518799,0.4927966594696045,0.15539778769016266,0.14246943593025208,0.43118640780448914,0.16749390959739685,0.9997740387916565,0.48016616702079773,0.3529103100299835,0.27198225259780884,0.24804705381393433,0.16944843530654907,0.17662502825260162,0.17833635210990906,0.18809247016906738,0.1427285373210907,0.6841995120048523,0.14318443834781647,0.14184217154979706,0.35925403237342834,0.2817704677581787,0.6991735100746155,0.47663962841033936,0.1619010865688324
147,1.0,0.14671233296394348,0.441229909658432,0.14680659770965576,0.9997248649597168,0.47750192880630493,0.337900310754776,0.26246488094329834,0.2461443394422531,0.17217260599136353,0.18593649566173553,0.18285459280014038,0.18591934442520142,0.14711935818195343,0.6748733520507812,0.14874792098999023,0.15289948880672455,0.3632953464984894,0.2863702178001404,0.702038049697876,0.48957017064094543,0.15830138325691223,0.1479998528957367,0.44066739082336426,0.154804989695549,0.9997772574424744,0.4794389307498932,0.34418612718582153,0.27847549319267273,0.2551259696483612,0.16570742428302765,0.17706343531608582,0.197621151804924,0.2053864747285843,0.14647731184959412,0.6734312772750854,0.14637914299964905,0.15024441480636597,0.3589945137500763,0.2779471278190613,0.7017579674720764,0.48405054211616516,0.1535252183675766
148,1.0,0.15053941309452057,0.4349716901779175,0.14710895717144012,0.9996230602264404,0.4774700999259949,0.3430377244949341,0.27131518721580505,0.25072407722473145,0.17102327942848206,0.1895151287317276,0.19112978875637054,0.194483682513237,0.1493566930294037,0.6736212968826294,0.14993014931678772,0.15367262065410614,0.36035478115081787,0.2852194309234619,0.7010228037834167,0.49410152435302734,0.15514983236789703,0.14399459958076477,0.42963194847106934,0.1591937392950058,0.9997791647911072,0.47626811265945435,0.32630154490470886,0.270059734582901,0.2399040013551712,0.17270268499851227,0.1705930083990097,0.18826928734779358,0.1935015320777893,0.14361174404621124,0.6833202242851257,0.14409369230270386,0.14326885342597961,0.3560395836830139,0.2811751961708069,0.6992976665496826,0.47819992899894714,0.16236811876296997
149,1.0,0.14962425827980042,0.4289395213127136,0.15149655938148499,0.9996762275695801,0.47523462772369385,0.3401094973087311,0.2706628143787384,0.24169936776161194,0.1701439619064331,0.18483543395996094,0.18980742990970612,0.19325393438339233,0.15042422711849213,0.6741816997528076,0.1493089348077774,0.1542266309261322,0.3613587021827698,0.28226202726364136,0.6990354061126709,0.4914892613887787,0.155415877699852,0.1525690108537674,0.4192819893360138,0.15332575142383575,0.9996891021728516,0.4766159653663635,0.341576486825943,0.2635323107242584,0.23900841176509857,0.16509199142456055,0.17260728776454926,0.19166336953639984,0.20142196118831635,0.15143370628356934,0.6818887591362,0.1441306471824646,0.14897948503494263,0.35601019859313965,0.27108699083328247,0.6946334838867188,0.4768707752227783,0.15364734828472137
150,1.0,0.14807996153831482,0.42369404435157776,0.1403896063566208,0.9994044303894043,0.47690579295158386,0.34705495834350586,0.2659759223461151,0.24134477972984314,0.17169621586799622,0.18327593803405762,0.1875440925359726,0.19218479096889496,0.1472984403371811,0.6750742793083191,0.14918546378612518,0.15384554862976074,0.3625357449054718,0.28320184350013733,0.6954843401908875,0.49065864086151123,0.154261514544487,0.14843374490737915,0.40857553482055664,0.15620532631874084,0.9997389912605286,0.4774148464202881,0.33501335978507996,0.2594160735607147,0.23890675604343414,0.16258841753005981,0.1693044751882553,0.18544067442417145,0.1928042769432068,0.1468224823474884,0.6775102615356445,0.1440296769142151,0.14689630270004272,0.3569600284099579,0.2711777985095978,0.6900427937507629,0.48264989256858826,0.15399308502674103
151,1.0,0.14634962379932404,0.4264909327030182,0.148887500166893,0.9992973208427429,0.47766128182411194,0.3344433903694153,0.2632351815700531,0.2418932467699051,0.17264965176582336,0.18495571613311768,0.18840797245502472,0.19127532839775085,0.14659729599952698,0.6738153696060181,0.1507902294397354,0.1526155322790146,0.3623919188976288,0.2832747995853424,0.6974722146987915,0.4929942786693573,0.15410809218883514,0.15225999057292938,0.43232473731040955,0.16553933918476105,0.9996770620346069,0.48760533332824707,0.3514134883880615,0.2733913064002991,0.24447040259838104,0.1641932725906372,0.16850632429122925,0.19582755863666534,0.2023431360721588,0.15159878134727478,0.6782537698745728,0.14607706665992737,0.14527936279773712,0.3587978482246399,0.2726875841617584,0.6976543664932251,0.4804711639881134,0.14958623051643372
152,1.0,0.1458233892917633,0.4261811375617981,0.15663784742355347,0.99932861328125,0.48341473937034607,0.33366745710372925,0.2733253538608551,0.2451147884130478,0.16969391703605652,0.18318618834018707,0.18789169192314148,0.19061337411403656,0.1467703878879547,0.6768665313720703,0.14865617454051971,0.150492861866951,0.36058083176612854,0.2794378995895386,0.69657963514328,0.49045005440711975,0.15437249839305878,0.14029419422149658,0.41589561104774475,0.17246118187904358,0.999763548374176,0.4870279133319855,0.3254295885562897,0.2935646176338196,0.24761076271533966,0.16283521056175232,0.17147374153137207,0.18620379269123077,0.19442866742610931,0.14332644641399384,0.6828059554100037,0.1425597220659256,0.13809627294540405,0.35991087555885315,0.2759460508823395,0.6937642097473145,0.47842878103256226,0.15722745656967163
153,1.0,0.14122475683689117,0.41911235451698303,0.15325072407722473,0.999265730381012,0.48325178027153015,0.33614370226860046,0.2690643072128296,0.25530967116355896,0.16953086853027344,0.1849818080663681,0.1899614781141281,0.1967218667268753,0.1450553685426712,0.675434947013855,0.1475546658039093,0.14443416893482208,0.3627215623855591,0.2837672233581543,0.6966569423675537,0.4980458915233612,0.15641339123249054,0.1453697234392166,0.42183420062065125,0.16481439769268036,0.9997522830963135,0.4781128764152527,0.3343164324760437,0.2761487662792206,0.24279573559761047,0.16155751049518585,0.16428519785404205,0.1910327821969986,0.200200155377388,0.14706718921661377,0.6835895776748657,0.14284513890743256,0.1415802538394928,0.3579997420310974,0.27466171979904175,0.6967076063156128,0.4770301580429077,0.15621697902679443
154,1.0,0.14193175733089447,0.4218931198120117,0.15422828495502472,0.9995832443237305,0.4783734083175659,0.3363823890686035,0.27360716462135315,0.24945758283138275,0.17003197968006134,0.18078495562076569,0.18975763022899628,0.1934765726327896,0.14711610972881317,0.6799147725105286,0.1506488025188446,0.15215958654880524,0.3604896664619446,0.2815401554107666,0.6966880559921265,0.4944972097873688,0.15686072409152985,0.14506542682647705,0.4232379198074341,0.16768483817577362,0.9996413588523865,0.4722995460033417,0.3379083573818207,0.284841388463974,0.23963280022144318,0.1673259288072586,0.1674305945634842,0.19471792876720428,0.2004779875278473,0.14626608788967133,0.6856114268302917,0.14524051547050476,0.14358147978782654,0.35518938302993774,0.2719046473503113,0.6963057518005371,0.47634822130203247,0.157435804605484
155,1.0,0.1438852995634079,0.42349937558174133,0.1532946079969406,0.9997498989105225,0.4772583246231079,0.3397853374481201,0.2687217593193054,0.25426924228668213,0.17079506814479828,0.1820695847272873,0.18756386637687683,0.19243426620960236,0.14678288996219635,0.6737594604492188,0.1493624597787857,0.1493537575006485,0.3620968461036682,0.2796888053417206,0.6963287591934204,0.4958329498767853,0.1584680825471878,0.1498841494321823,0.4237939715385437,0.16406457126140594,0.9996384978294373,0.4782427251338959,0.35158881545066833,0.28669068217277527,0.2545629143714905,0.1699451506137848,0.17565757036209106,0.19080492854118347,0.1985224336385727,0.14937587082386017,0.6732176542282104,0.14551880955696106,0.14754638075828552,0.3581956624984741,0.27623850107192993,0.6951891183853149,0.4845484495162964,0.16018863022327423
156,1.0,0.1417791098356247,0.41879788041114807,0.15763166546821594,0.9996259808540344,0.4770382046699524,0.32461369037628174,0.2730504870414734,0.257403165102005,0.16980554163455963,0.18511764705181122,0.19386397302150726,0.19757899641990662,0.14441247284412384,0.6746779084205627,0.1492030769586563,0.15048526227474213,0.3623141944408417,0.28273603320121765,0.694153368473053,0.4970949590206146,0.15944072604179382,0.1465778350830078,0.4121667742729187,0.15460382401943207,0.9996984601020813,0.4787558913230896,0.3071683943271637,0.28267496824264526,0.24573051929473877,0.1689402312040329,0.17368316650390625,0.19501453638076782,0.20164735615253448,0.14831849932670593,0.6805019378662109,0.14435236155986786,0.1459398716688156,0.35765746235847473,0.27247345447540283,0.6936770081520081,0.47848713397979736,0.15711604058742523
157,1.0,0.1398441344499588,0.4154239296913147,0.14154265820980072,0.9993678331375122,0.47534406185150146,0.33246493339538574,0.2727854549884796,0.25075432658195496,0.1687435656785965,0.1845131367444992,0.19154123961925507,0.1960701197385788,0.1439448893070221,0.6779503226280212,0.1512369066476822,0.14793570339679718,0.3612964153289795,0.2794800400733948,0.6947810649871826,0.4936477541923523,0.15459966659545898,0.14752106368541718,0.4132944643497467,0.13661035895347595,0.9997262954711914,0.4706977307796478,0.31036505103111267,0.26483407616615295,0.25295209884643555,0.1680518090724945,0.17402580380439758,0.1964247226715088,0.20219704508781433,0.1495095193386078,0.6693877577781677,0.1446489542722702,0.14512118697166443,0.357975035905838,0.270561158657074,0.6930925846099854,0.48571866750717163,0.14947812259197235
158,1.0,0.14287257194519043,0.4206918478012085,0.15369437634944916,0.9996914863586426,0.4723494052886963,0.313804030418396,0.26566922664642334,0.2580236792564392,0.1705332100391388,0.18638944625854492,0.19417504966259003,0.19695182144641876,0.14586569368839264,0.6736528277397156,0.14953520894050598,0.15087831020355225,0.36122092604637146,0.2812020182609558,0.6966455578804016,0.4969768226146698,0.15267105400562286,0.1400095671415329,0.427544504404068,0.17393794655799866,0.9997928738594055,0.47266635298728943,0.31253454089164734,0.27162468433380127,0.24229253828525543,0.1677471250295639,0.16828937828540802,0.19135476648807526,0.19955722987651825,0.1424001157283783,0.6868873238563538,0.14279049634933472,0.1429392695426941,0.3579823970794678,0.27610787749290466,0.6996771097183228,0.47732850909233093,0.16048932075500488
159,1.0,0.14096249639987946,0.4213500916957855,0.16983897984027863,0.998894214630127,0.4680332541465759,0.3150835931301117,0.26410040259361267,0.2484542727470398,0.16881391406059265,0.1853516697883606,0.1914004683494568,0.19721047580242157,0.144053652882576,0.6774417161941528,0.14992041885852814,0.15084457397460938,0.35999438166618347,0.27893659472465515,0.6956035494804382,0.49411043524742126,0.15785051882266998,0.14742588996887207,0.4088131785392761,0.16221173107624054,0.9996926784515381,0.4614278972148895,0.32607558369636536,0.28646716475486755,0.2602737843990326,0.16689805686473846,0.17974288761615753,0.20029589533805847,0.20863376557826996,0.1477322280406952,0.6655110120773315,0.14770005643367767,0.14940215647220612,0.3561787009239197,0.27766379714012146,0.6902071237564087,0.49085521697998047,0.15581387281417847
160,1.0,0.14229466021060944,0.40989017486572266,0.1557523012161255,0.9994062781333923,0.4612182378768921,0.3159935772418976,0.26710912585258484,0.24590228497982025,0.1692124605178833,0.1855131983757019,0.19088110327720642,0.19499696791172028,0.14656494557857513,0.6739774942398071,0.15186750888824463,0.15255874395370483,0.3614698350429535,0.28391289710998535,0.6932587027549744,0.49231278896331787,0.15673168003559113,0.14368890225887299,0.40382489562034607,0.15753526985645294,0.9997613430023193,0.458242267370224,0.31202393770217896,0.2771241366863251,0.23962639272212982,0.16617228090763092,0.17190012335777283,0.18716394901275635,0.19541162252426147,0.14596311748027802,0.6834539175033569,0.14442598819732666,0.1442904770374298,0.3569924235343933,0.27624815702438354,0.690873920917511,0.47630587220191956,0.15882039070129395
161,1.0,0.14468905329704285,0.41464582085609436,0.15686577558517456,0.9994133710861206,0.4719643294811249,0.3089394271373749,0.2677434980869293,0.251297265291214,0.16856040060520172,0.1918552666902542,0.1926070749759674,0.20017865300178528,0.147234708070755,0.671333909034729,0.14811989665031433,0.14857637882232666,0.3604196310043335,0.28432974219322205,0.6936057209968567,0.49533146619796753,0.156704381108284,0.14734695851802826,0.42027807235717773,0.17480306327342987,0.9996876120567322,0.4826129078865051,0.3078402578830719,0.28422290086746216,0.25882062315940857,0.165968656539917,0.17947548627853394,0.19242079555988312,0.20026294887065887,0.1469752937555313,0.6699665784835815,0.14460521936416626,0.1456424444913864,0.3584917187690735,0.2745639383792877,0.6958552598953247,0.48774248361587524,0.15613721311092377
162,1.0,0.14441755414009094,0.4182770550251007,0.16116519272327423,0.9993584156036377,0.47578296065330505,0.31169039011001587,0.27039635181427,0.25075432658195496,0.16860920190811157,0.19256313145160675,0.18659444153308868,0.19202636182308197,0.1457711011171341,0.6758615374565125,0.15104730427265167,0.1509576141834259,0.3645438849925995,0.28244465589523315,0.6939617395401001,0.4965725541114807,0.1570524424314499,0.14388808608055115,0.4163847267627716,0.16611947119235992,0.999723494052887,0.46842825412750244,0.2952956557273865,0.29167038202285767,0.25669896602630615,0.1681365817785263,0.1743590086698532,0.19821284711360931,0.2036028802394867,0.14547403156757355,0.6710445284843445,0.14883367717266083,0.1459696888923645,0.35747411847114563,0.2781895399093628,0.6948243379592896,0.4873597025871277,0.16154053807258606
163,1.0,0.14401602745056152,0.42149463295936584,0.1658790111541748,0.9996820688247681,0.4740413725376129,0.3101818561553955,0.27974602580070496,0.2554275095462799,0.171608567237854,0.18558178842067719,0.1938931941986084,0.19828245043754578,0.14737947285175323,0.6721842288970947,0.1524774581193924,0.14884041249752045,0.3626883327960968,0.2865627408027649,0.6966713070869446,0.49620598554611206,0.15837517380714417,0.14570774137973785,0.4278016686439514,0.17549589276313782,0.9997912049293518,0.46787065267562866,0.31549057364463806,0.28518879413604736,0.25330767035484314,0.17232295870780945,0.17403830587863922,0.18943984806537628,0.19408434629440308,0.14354857802391052,0.6753084063529968,0.1434277892112732,0.14244599640369415,0.3584960103034973,0.27835461497306824,0.6984987854957581,0.48364686965942383,0.16256429255008698
164,1.0,0.14480522274971008,0.42650407552719116,0.1623510718345642,0.9996307492256165,0.4759078621864319,0.3075713813304901,0.2704973518848419,0.2552959620952606,0.16968706250190735,0.1919119656085968,0.1858629733324051,0.1862606406211853,0.1465829461812973,0.6726223230361938,0.14762358367443085,0.14931970834732056,0.3650270998477936,0.284034788608551,0.6958864331245422,0.4968108832836151,0.1597469300031662,0.1501397341489792,0.42678749561309814,0.17647555470466614,0.9997367262840271,0.47113776206970215,0.31778132915496826,0.28067922592163086,0.2599712610244751,0.17225711047649384,0.1802423745393753,0.1843051165342331,0.19065961241722107,0.1509668380022049,0.6702293753623962,0.14343629777431488,0.13914524018764496,0.3586791753768921,0.2771942615509033,0.697576642036438,0.4857490360736847,0.1589350402355194
165,1.0,0.1461048275232315,0.4239550828933716,0.1621193140745163,0.9992806315422058,0.47622454166412354,0.3183874189853668,0.27710065245628357,0.2531723976135254,0.16787999868392944,0.1902049481868744,0.18848031759262085,0.1909392774105072,0.14717398583889008,0.6691069602966309,0.1503097414970398,0.14981989562511444,0.3630577623844147,0.2834531366825104,0.697054922580719,0.4949888586997986,0.15596327185630798,0.14793558418750763,0.40861475467681885,0.1601666361093521,0.999768853187561,0.47595667839050293,0.32089951634407043,0.2853400409221649,0.256632000207901,0.17190547287464142,0.17673499882221222,0.19300954043865204,0.19806228578090668,0.1492500603199005,0.6692421436309814,0.14564523100852966,0.1440315991640091,0.35666903853416443,0.27867814898490906,0.6907299757003784,0.4872142970561981,0.1553681343793869
166,1.0,0.14562687277793884,0.4180386960506439,0.16077207028865814,0.999204695224762,0.4797590374946594,0.3236132860183716,0.2758367955684662,0.25273898243904114,0.16899491846561432,0.1878196746110916,0.1909046620130539,0.19436626136302948,0.14757731556892395,0.6738472580909729,0.15058377385139465,0.15027515590190887,0.3631335496902466,0.28385961055755615,0.6936188340187073,0.49578404426574707,0.15552355349063873,0.14661379158496857,0.4200034737586975,0.18243934214115143,0.9996955990791321,0.4769947826862335,0.30693453550338745,0.29301220178604126,0.25057682394981384,0.1709146797657013,0.1737825721502304,0.18697421252727509,0.1935219168663025,0.147975355386734,0.6792404651641846,0.14649678766727448,0.14028386771678925,0.3580596446990967,0.27842798829078674,0.6959554553031921,0.47976168990135193,0.15583540499210358
167,1.0,0.1446540206670761,0.4160080850124359,0.1712670475244522,0.9994642734527588,0.4786955714225769,0.32363012433052063,0.27427345514297485,0.2561674416065216,0.16974402964115143,0.19082358479499817,0.19012250006198883,0.1910577118396759,0.14563751220703125,0.6745844483375549,0.15300051867961884,0.14938440918922424,0.3626319169998169,0.286972314119339,0.6940504908561707,0.495023638010025,0.15765416622161865,0.1475505530834198,0.4074966609477997,0.17425766587257385,0.9996725916862488,0.47666695713996887,0.3049097955226898,0.2709384560585022,0.24218307435512543,0.15943150222301483,0.17675195634365082,0.1942100077867508,0.20275558531284332,0.14714765548706055,0.6812512278556824,0.1444297581911087,0.14347068965435028,0.35849130153656006,0.27728384733200073,0.6912209987640381,0.4787716269493103,0.15942418575286865
168,1.0,0.1430782526731491,0.40624570846557617,0.16157126426696777,0.9994791746139526,0.4778495728969574,0.3062540292739868,0.2733500599861145,0.25078752636909485,0.1677190512418747,0.18327386677265167,0.1941453218460083,0.19965384900569916,0.14653542637825012,0.6762274503707886,0.15088443458080292,0.150868222117424,0.36311888694763184,0.2836112678050995,0.6928966641426086,0.4948318302631378,0.1562875658273697,0.1429164558649063,0.40519213676452637,0.18006081879138947,0.9997785687446594,0.4779130220413208,0.2912694811820984,0.2801855802536011,0.23461014032363892,0.16633641719818115,0.1653544306755066,0.1933840811252594,0.20028947293758392,0.14530842006206512,0.6897440552711487,0.14340096712112427,0.13968367874622345,0.3594815731048584,0.27964216470718384,0.6923038959503174,0.4762931168079376,0.15692436695098877
169,1.0,0.14510148763656616,0.4197145700454712,0.1656438410282135,0.9994391202926636,0.4778648018836975,0.3137030303478241,0.27377521991729736,0.2466338723897934,0.1679813116788864,0.17868156731128693,0.19193339347839355,0.19301585853099823,0.15045596659183502,0.6781209707260132,0.15133486688137054,0.14745089411735535,0.3630623519420624,0.2832725942134857,0.6971878409385681,0.4904541075229645,0.15616220235824585,0.1451195776462555,0.4163345396518707,0.18115070462226868,0.9996771812438965,0.47076207399368286,0.3072052597999573,0.27871400117874146,0.24297915399074554,0.16213253140449524,0.1694260686635971,0.19032317399978638,0.1955202966928482,0.14822889864444733,0.6775214076042175,0.1448696404695511,0.14283640682697296,0.3578072190284729,0.27373576164245605,0.6954337358474731,0.48160165548324585,0.15478526055812836
170,1.0,0.1464335322380066,0.42515018582344055,0.1667070835828781,0.9994410872459412,0.482954740524292,0.31245073676109314,0.2704201936721802,0.24629689753055573,0.16828376054763794,0.18759378790855408,0.18863804638385773,0.18945173919200897,0.14955349266529083,0.6783201694488525,0.15099413692951202,0.1521788388490677,0.36287781596183777,0.28167077898979187,0.6983563303947449,0.49273282289505005,0.15557502210140228,0.13904032111167908,0.414995402097702,0.16871747374534607,0.9997305274009705,0.4831204116344452,0.3112366497516632,0.27054306864738464,0.2406974583864212,0.16549097001552582,0.1691291481256485,0.19066889584064484,0.1981242299079895,0.14431819319725037,0.6830379962921143,0.1438545435667038,0.1329864114522934,0.35931557416915894,0.2791697084903717,0.6958144903182983,0.47639715671539307,0.15606747567653656
171,1.0,0.14388629794120789,0.41422489285469055,0.16322146356105804,0.9991901516914368,0.47736087441444397,0.3182586431503296,0.27601465582847595,0.24338459968566895,0.16820448637008667,0.18761633336544037,0.18956243991851807,0.19259107112884521,0.14697660505771637,0.6791844367980957,0.14956150949001312,0.14641213417053223,0.36194148659706116,0.28468286991119385,0.6954287886619568,0.49032965302467346,0.15307678282260895,0.13985653221607208,0.4065845012664795,0.1712130457162857,0.9997054934501648,0.4745066463947296,0.30986613035202026,0.27501967549324036,0.2369556874036789,0.1586020439863205,0.17065605521202087,0.1906120777130127,0.1946551352739334,0.14469937980175018,0.6926584243774414,0.14348724484443665,0.13297927379608154,0.3603467345237732,0.28091803193092346,0.6918734908103943,0.4710947573184967,0.15037858486175537
172,1.0,0.14113527536392212,0.41235998272895813,0.1700126677751541,0.9991557002067566,0.47541919350624084,0.3270871341228485,0.27462998032569885,0.24939967691898346,0.16742205619812012,0.19037090241909027,0.19176091253757477,0.19304399192333221,0.14586706459522247,0.6780374050140381,0.14936339855194092,0.14569543302059174,0.36221843957901,0.2840590178966522,0.6937087774276733,0.4918358623981476,0.1561550796031952,0.14357087016105652,0.40531736612319946,0.17904621362686157,0.9997540712356567,0.4712022542953491,0.33609122037887573,0.27520012855529785,0.2397124171257019,0.1637348085641861,0.17820706963539124,0.18929564952850342,0.19327396154403687,0.14736835658550262,0.6845828294754028,0.1433442234992981,0.1369304358959198,0.35882750153541565,0.27469688653945923,0.6913294196128845,0.4738548696041107,0.15015283226966858
173,1.0,0.14539165794849396,0.409039705991745,0.15924496948719025,0.999779462814331,0.47921666502952576,0.3282879590988159,0.27185413241386414,0.23364509642124176,0.1677030622959137,0.19005681574344635,0.18579447269439697,0.18795566260814667,0.14708228409290314,0.6794502139091492,0.15043136477470398,0.14959822595119476,0.36045998334884644,0.2838534712791443,0.6919887065887451,0.48664137721061707,0.15211926400661469,0.1457590013742447,0.4138570725917816,0.17979088425636292,0.999756395816803,0.47801950573921204,0.3231586217880249,0.2775620222091675,0.23451630771160126,0.16965118050575256,0.1768895536661148,0.184356689453125,0.19241897761821747,0.14593364298343658,0.6876363754272461,0.1438216269016266,0.14040237665176392,0.35781270265579224,0.27723321318626404,0.6947300434112549,0.47451454401016235,0.158424973487854
174,1.0,0.14331717789173126,0.40671437978744507,0.16089849174022675,0.9997252225875854,0.4809901714324951,0.3253284692764282,0.2806065082550049,0.23994001746177673,0.16899670660495758,0.18420106172561646,0.1897559016942978,0.19589024782180786,0.14697732031345367,0.6791454553604126,0.15242929756641388,0.14989659190177917,0.3604646921157837,0.2849222719669342,0.6923837065696716,0.49067142605781555,0.1555335372686386,0.14119747281074524,0.4011383056640625,0.1783365160226822,0.9997521042823792,0.4774290919303894,0.3139735758304596,0.2753070890903473,0.2357633113861084,0.16514107584953308,0.164871945977211,0.18842144310474396,0.19209718704223633,0.14494894444942474,0.6897379159927368,0.14470049738883972,0.13482685387134552,0.35710614919662476,0.28086769580841064,0.6907966732978821,0.4738689959049225,0.15944761037826538
175,1.0,0.14233243465423584,0.40336692333221436,0.16476787626743317,0.9993640780448914,0.48300814628601074,0.3210587799549103,0.2798174023628235,0.24663859605789185,0.1689988076686859,0.18989978730678558,0.18708015978336334,0.19091835618019104,0.1467519998550415,0.6730931401252747,0.1522626280784607,0.1493033468723297,0.3588883876800537,0.28197991847991943,0.6906131505966187,0.4950046241283417,0.15425048768520355,0.14389973878860474,0.4033466875553131,0.17321434617042542,0.9997409582138062,0.47598057985305786,0.3397373855113983,0.28952234983444214,0.24297527968883514,0.17127785086631775,0.17399941384792328,0.18271984159946442,0.18878230452537537,0.14776062965393066,0.6792392134666443,0.1454281508922577,0.13909107446670532,0.3575860857963562,0.2806738615036011,0.6894814372062683,0.47994565963745117,0.16029970347881317
176,1.0,0.14344598352909088,0.40855902433395386,0.15868471562862396,0.9995387196540833,0.4812617599964142,0.32080078125,0.2780075967311859,0.24578061699867249,0.17059852182865143,0.1830948442220688,0.18571500480175018,0.18582887947559357,0.14827296137809753,0.6732736825942993,0.15096415579319,0.1457221955060959,0.35966572165489197,0.28391918540000916,0.692592978477478,0.49338236451148987,0.15787002444267273,0.1441134214401245,0.40552830696105957,0.16097724437713623,0.9997145533561707,0.4744664430618286,0.34220609068870544,0.2761286199092865,0.24597285687923431,0.16680195927619934,0.1689278930425644,0.1809367835521698,0.18524372577667236,0.146563321352005,0.6819288730621338,0.14369246363639832,0.13981379568576813,0.35786163806915283,0.2794113755226135,0.6914728879928589,0.4795578718185425,0.1605599969625473
177,1.0,0.1392156481742859,0.4163530170917511,0.14796428382396698,0.9995958805084229,0.4853264391422272,0.3194158971309662,0.2761314809322357,0.2419460415840149,0.16709734499454498,0.1814272552728653,0.18494752049446106,0.1829981803894043,0.1439378708600998,0.6792001128196716,0.15022258460521698,0.14640356600284576,0.3596896827220917,0.2856800854206085,0.6944707632064819,0.49001944065093994,0.15447352826595306,0.1454841047525406,0.4172038733959198,0.15124382078647614,0.9997768402099609,0.4806562066078186,0.33710163831710815,0.29027286171913147,0.23957180976867676,0.1600036919116974,0.169266939163208,0.18476098775863647,0.19302967190742493,0.1487291008234024,0.6771922707557678,0.14361074566841125,0.13995638489723206,0.359241783618927,0.2754664123058319,0.6957853436470032,0.47852379083633423,0.15412753820419312
178,1.0,0.1439693570137024,0.4123970568180084,0.14865203201770782,0.9996743202209473,0.48091381788253784,0.3127361238002777,0.27483418583869934,0.24102801084518433,0.16761718690395355,0.1795036494731903,0.183709517121315,0.1851961761713028,0.1486470252275467,0.6818181276321411,0.15094780921936035,0.14969386160373688,0.36394426226615906,0.28436651825904846,0.695527970790863,0.49069565534591675,0.15539579093456268,0.1428694874048233,0.4111800789833069,0.16438767313957214,0.9997679591178894,0.47627127170562744,0.3027998208999634,0.2764546871185303,0.24003469944000244,0.16275544464588165,0.1634041666984558,0.18078075349330902,0.18837277591228485,0.14594703912734985,0.6869806051254272,0.14223472774028778,0.13832268118858337,0.35996127128601074,0.2777521312236786,0.6951016187667847,0.47804388403892517,0.15643523633480072
179,1.0,0.14354738593101501,0.400979608297348,0.15286360681056976,0.9996246099472046,0.46754422783851624,0.31313955783843994,0.2775656580924988,0.241866797208786,0.1672573983669281,0.17762905359268188,0.1816958487033844,0.18192635476589203,0.14892013370990753,0.6793100833892822,0.15004172921180725,0.14479275047779083,0.3605944812297821,0.28577014803886414,0.6926864981651306,0.491620272397995,0.15432758629322052,0.1457413285970688,0.39479777216911316,0.16296373307704926,0.9997137784957886,0.4583161175251007,0.30977630615234375,0.2902264893054962,0.22973598539829254,0.1658109426498413,0.1593831181526184,0.1800130158662796,0.18564581871032715,0.15046706795692444,0.6898220777511597,0.14353185892105103,0.1375083178281784,0.35868552327156067,0.2759491801261902,0.6916761994361877,0.4704279601573944,0.1535668820142746
180,1.0,0.14334094524383545,0.3959709405899048,0.15011709928512573,0.9993431568145752,0.46400806307792664,0.30482906103134155,0.27344435453414917,0.24223653972148895,0.16567595303058624,0.18105529248714447,0.18278510868549347,0.18487931787967682,0.14992797374725342,0.6776010394096375,0.14913803339004517,0.14489223062992096,0.35945379734039307,0.28549304604530334,0.6910811066627502,0.49265140295028687,0.15483027696609497,0.14445631206035614,0.4015338718891144,0.16832990944385529,0.9996845722198486,0.4643162190914154,0.2976972162723541,0.2762170135974884,0.245961993932724,0.16095618903636932,0.16796454787254333,0.18425476551055908,0.18766048550605774,0.14838358759880066,0.6804956197738647,0.14402589201927185,0.1377299278974533,0.3574339747428894,0.27987512946128845,0.6913512349128723,0.4814639687538147,0.15426720678806305
181,1.0,0.1450219303369522,0.41660967469215393,0.1533731371164322,0.9994385242462158,0.4700276255607605,0.3006798028945923,0.26920685172080994,0.23904266953468323,0.1660120040178299,0.1825638711452484,0.18491871654987335,0.18458981812000275,0.15047337114810944,0.6773079037666321,0.1483529955148697,0.14506489038467407,0.35905390977859497,0.2848922610282898,0.6977003216743469,0.4923136830329895,0.1519504189491272,0.14488773047924042,0.4097338616847992,0.17129065096378326,0.9997335076332092,0.46454453468322754,0.30397093296051025,0.2643394470214844,0.23388725519180298,0.16562268137931824,0.16411486268043518,0.18340690433979034,0.1902208775281906,0.14906281232833862,0.6902853846549988,0.1429097205400467,0.1355564296245575,0.35973262786865234,0.27803975343704224,0.6957728862762451,0.4759608209133148,0.1561902016401291
182,1.0,0.14086174964904785,0.41460826992988586,0.1524297147989273,0.9995618462562561,0.4674736559391022,0.307862251996994,0.2701995074748993,0.23885782063007355,0.16768482327461243,0.18395307660102844,0.18468248844146729,0.1854250431060791,0.1459394246339798,0.6753442883491516,0.1494511365890503,0.1450027972459793,0.35840505361557007,0.2861044108867645,0.697352409362793,0.49596357345581055,0.15337267518043518,0.14109432697296143,0.4115261137485504,0.15882669389247894,0.9996693134307861,0.45730867981910706,0.3360077142715454,0.27742865681648254,0.2545853853225708,0.1598389744758606,0.1692502200603485,0.18283550441265106,0.1873616874217987,0.14708775281906128,0.6756136417388916,0.14366672933101654,0.13651973009109497,0.3568798005580902,0.27878740429878235,0.6951735019683838,0.4855249226093292,0.15022148191928864
183,1.0,0.13954217731952667,0.4105597734451294,0.16012166440486908,0.9994640946388245,0.46720677614212036,0.32074615359306335,0.2747938334941864,0.24734827876091003,0.165317565202713,0.18123209476470947,0.18304544687271118,0.18441589176654816,0.14672842621803284,0.6707184910774231,0.15012720227241516,0.14294110238552094,0.359842449426651,0.28069332242012024,0.6966655254364014,0.49722203612327576,0.15097463130950928,0.14032843708992004,0.39896053075790405,0.16632866859436035,0.999747097492218,0.46335911750793457,0.3304629325866699,0.28690406680107117,0.24314765632152557,0.16976352035999298,0.16398532688617706,0.18090759217739105,0.18377523124217987,0.14409683644771576,0.6800974607467651,0.14390411972999573,0.1390649527311325,0.3573073744773865,0.2724604904651642,0.690332293510437,0.4805212914943695,0.14971135556697845
184,1.0,0.14029546082019806,0.41060179471969604,0.15885591506958008,0.9994745254516602,0.46681079268455505,0.3066084682941437,0.27975544333457947,0.2440493404865265,0.16607482731342316,0.17493928968906403,0.18352048099040985,0.18333163857460022,0.14595040678977966,0.6777428388595581,0.14976248145103455,0.1456131488084793,0.35809409618377686,0.2839708626270294,0.6963620185852051,0.4943496882915497,0.1516246646642685,0.1405646950006485,0.40080076456069946,0.16627763211727142,0.999728262424469,0.4571380317211151,0.29630622267723083,0.28841283917427063,0.24420370161533356,0.16319899260997772,0.16396445035934448,0.18258534371852875,0.18625286221504211,0.1428036093711853,0.6777922511100769,0.14434850215911865,0.14106114208698273,0.35837292671203613,0.2775327265262604,0.6918116211891174,0.48314622044563293,0.15543773770332336
185,1.0,0.13776925206184387,0.40771088004112244,0.14846158027648926,0.9994131922721863,0.46945011615753174,0.2959809899330139,0.2769696116447449,0.2366950660943985,0.16417013108730316,0.1787591576576233,0.18536993861198425,0.18761992454528809,0.14330263435840607,0.677076518535614,0.14947102963924408,0.14464746415615082,0.36063894629478455,0.28511685132980347,0.6947163343429565,0.49086543917655945,0.157369464635849,0.14028985798358917,0.3947846591472626,0.17517676949501038,0.9996893405914307,0.4615517854690552,0.2910827398300171,0.2737017869949341,0.24150560796260834,0.16513651609420776,0.1625455766916275,0.18403801321983337,0.18784382939338684,0.1434755176305771,0.6840610504150391,0.14308851957321167,0.13344614207744598,0.35815536975860596,0.2814769148826599,0.6897187829017639,0.4773760735988617,0.15942825376987457
186,1.0,0.14035259187221527,0.4099322557449341,0.1589619219303131,0.9996935129165649,0.466779887676239,0.28993678092956543,0.2709803581237793,0.23806948959827423,0.16501681506633759,0.17710982263088226,0.18393801152706146,0.18427225947380066,0.1452789455652237,0.6767878532409668,0.1497465968132019,0.14325042068958282,0.36148905754089355,0.2874355912208557,0.6959537863731384,0.49209243059158325,0.15650144219398499,0.14080238342285156,0.4083743095397949,0.15927258133888245,0.999710738658905,0.46579980850219727,0.2739220857620239,0.25790491700172424,0.22210794687271118,0.168803408741951,0.1612822264432907,0.18050356209278107,0.184443399310112,0.14464078843593597,0.6946613788604736,0.14225199818611145,0.13227395713329315,0.3583839535713196,0.2817917466163635,0.6962240934371948,0.468231737613678,0.1663026511669159
187,1.0,0.1404813677072525,0.4066280722618103,0.1517324000597,0.9994282722473145,0.4733774960041046,0.28784075379371643,0.2674824595451355,0.24012432992458344,0.1671745330095291,0.18002931773662567,0.18523000180721283,0.18560928106307983,0.14544981718063354,0.669040858745575,0.14950314164161682,0.1438291221857071,0.3625366687774658,0.2869916558265686,0.6951099038124084,0.49492040276527405,0.15740986168384552,0.14421795308589935,0.40560489892959595,0.16755717992782593,0.9996941685676575,0.46753278374671936,0.2803879976272583,0.276773065328598,0.23790472745895386,0.16114985942840576,0.16415834426879883,0.18967436254024506,0.19593499600887299,0.14610828459262848,0.685987114906311,0.14350466430187225,0.14105306565761566,0.3573667109012604,0.28079953789711,0.6941971778869629,0.47802501916885376,0.15728746354579926
188,1.0,0.1405479460954666,0.41226980090141296,0.15939944982528687,0.9996472597122192,0.47183385491371155,0.28972429037094116,0.272566556930542,0.24835087358951569,0.16506145894527435,0.18296967446804047,0.18623754382133484,0.19087541103363037,0.14412499964237213,0.6705203652381897,0.1499633491039276,0.14623604714870453,0.36083707213401794,0.28939369320869446,0.69610595703125,0.4979000985622406,0.1539439857006073,0.1383316069841385,0.40702903270721436,0.16109073162078857,0.9996697902679443,0.4622546136379242,0.30597227811813354,0.2669666111469269,0.24205532670021057,0.1723136007785797,0.16420726478099823,0.1846756488084793,0.18801197409629822,0.14098040759563446,0.6816099286079407,0.1430998593568802,0.13937506079673767,0.35918164253234863,0.28744179010391235,0.6934167146682739,0.4810912311077118,0.1628645360469818
189,1.0,0.14023296535015106,0.4077301025390625,0.15465448796749115,0.999704897403717,0.46681633591651917,0.28350672125816345,0.26314935088157654,0.24354888498783112,0.16819331049919128,0.1814732700586319,0.18427349627017975,0.1798757165670395,0.14576047658920288,0.6739537715911865,0.14744681119918823,0.14329944550991058,0.36277857422828674,0.2898164987564087,0.6952253580093384,0.49517908692359924,0.15767130255699158,0.1436949074268341,0.410815954208374,0.16996324062347412,0.9996839165687561,0.46355125308036804,0.28797048330307007,0.277730792760849,0.24164935946464539,0.15798968076705933,0.1643001288175583,0.17722514271736145,0.1828182339668274,0.14698877930641174,0.680348813533783,0.14197304844856262,0.1320941299200058,0.3594021797180176,0.2806604206562042,0.6959338784217834,0.4788215756416321,0.1602509766817093
190,1.0,0.14355303347110748,0.41720789670944214,0.15568873286247253,0.9996204376220703,0.46882492303848267,0.2946743965148926,0.27137991786003113,0.2408452183008194,0.16615170240402222,0.18169693648815155,0.18240907788276672,0.18065348267555237,0.14739586412906647,0.6736958026885986,0.14888030290603638,0.14501996338367462,0.36343398690223694,0.2865712344646454,0.6969939470291138,0.4940303862094879,0.15447181463241577,0.14461153745651245,0.4133528470993042,0.1481197476387024,0.9996013045310974,0.4709956645965576,0.3128581941127777,0.2766270637512207,0.23994480073451996,0.1565076857805252,0.16628126800060272,0.18479780852794647,0.19263622164726257,0.14787928760051727,0.6827535033226013,0.14536228775978088,0.14003944396972656,0.3595527708530426,0.27740105986595154,0.6965188384056091,0.47544100880622864,0.15505684912204742
191,1.0,0.14038142561912537,0.4015536308288574,0.14784343540668488,0.9995616674423218,0.47295475006103516,0.3007497191429138,0.27287375926971436,0.24239443242549896,0.16640324890613556,0.1799635887145996,0.18084710836410522,0.17876389622688293,0.14595885574817657,0.6771405935287476,0.1487845480442047,0.1439048945903778,0.3648337125778198,0.2873351573944092,0.6925244927406311,0.49279770255088806,0.1562609076499939,0.14537477493286133,0.4125480055809021,0.13581185042858124,0.9997327923774719,0.4653603434562683,0.312152624130249,0.2894699275493622,0.22990477085113525,0.16166375577449799,0.16554862260818481,0.18142977356910706,0.1850341558456421,0.1461510956287384,0.6858872771263123,0.14630083739757538,0.14082418382167816,0.35578715801239014,0.2736843526363373,0.695468008518219,0.4714384377002716,0.14917387068271637
192,1.0,0.14159785211086273,0.4141569137573242,0.15073971450328827,0.999726414680481,0.46819934248924255,0.3123101592063904,0.2830501198768616,0.2308579981327057,0.16656213998794556,0.17822815477848053,0.1847977489233017,0.18013255298137665,0.14628462493419647,0.6799371838569641,0.15021063387393951,0.1469690501689911,0.36153218150138855,0.285849928855896,0.6983577013015747,0.48741206526756287,0.15650050342082977,0.13926032185554504,0.39494600892066956,0.17280806601047516,0.9997089505195618,0.4649949371814728,0.3093767762184143,0.2800139784812927,0.23769782483577728,0.16123925149440765,0.15980872511863708,0.17349515855312347,0.17634817957878113,0.14333012700080872,0.6915946006774902,0.14171287417411804,0.13123616576194763,0.358656644821167,0.27956250309944153,0.6924004554748535,0.4762986898422241,0.1588531881570816
193,1.0,0.14020207524299622,0.40830129384994507,0.1435008943080902,0.999339759349823,0.47187376022338867,0.3145880103111267,0.2762475609779358,0.24662400782108307,0.1650727242231369,0.17650672793388367,0.18475350737571716,0.1855539232492447,0.14593592286109924,0.6714590191841125,0.15075942873954773,0.14571377635002136,0.3607442080974579,0.2816586196422577,0.6963632106781006,0.49398401379585266,0.1569518744945526,0.1461012065410614,0.4083845913410187,0.156284362077713,0.9997014403343201,0.47297829389572144,0.30502253770828247,0.2788495123386383,0.24750469624996185,0.16187570989131927,0.16382171213626862,0.18732678890228271,0.1958392858505249,0.14930981397628784,0.6782823204994202,0.1450677067041397,0.13675257563591003,0.3564584255218506,0.27682971954345703,0.6952996850013733,0.48424217104911804,0.15792714059352875
194,1.0,0.14112748205661774,0.4148991107940674,0.14044466614723206,0.9995127320289612,0.4787830412387848,0.29560139775276184,0.26804977655410767,0.24716058373451233,0.16524210572242737,0.17570513486862183,0.1825740933418274,0.18526452779769897,0.14776955544948578,0.6756704449653625,0.1505083441734314,0.14672312140464783,0.3610193729400635,0.28026384115219116,0.6970442533493042,0.49693363904953003,0.15727776288986206,0.13877955079078674,0.4092775881290436,0.14038759469985962,0.9996890425682068,0.4773637652397156,0.30778199434280396,0.2840659022331238,0.2417328804731369,0.1629451960325241,0.1608915776014328,0.18332649767398834,0.18787656724452972,0.1428607851266861,0.6806607246398926,0.1437767595052719,0.13963383436203003,0.3571704924106598,0.2802596390247345,0.6956778764724731,0.48561859130859375,0.16020357608795166
195,1.0,0.14085179567337036,0.414167582988739,0.13294453918933868,0.9995202422142029,0.4788476228713989,0.3010258972644806,0.2726309895515442,0.24280130863189697,0.16391795873641968,0.17583158612251282,0.18499885499477386,0.18166913092136383,0.14733244478702545,0.67450350522995,0.15105223655700684,0.1482185274362564,0.3615654408931732,0.28179866075515747,0.6972579956054688,0.49691689014434814,0.15753678977489471,0.1393415331840515,0.4106873571872711,0.14456430077552795,0.9997029900550842,0.4755833148956299,0.2887493073940277,0.2827012240886688,0.2408069223165512,0.16305050253868103,0.16290085017681122,0.18139849603176117,0.18667860329151154,0.1449190378189087,0.6808962225914001,0.14576253294944763,0.1386100947856903,0.35867583751678467,0.2779921293258667,0.6957235336303711,0.4806439280509949,0.16279807686805725
196,1.0,0.13782775402069092,0.4181877374649048,0.14020031690597534,0.9991688132286072,0.4809081554412842,0.2939782738685608,0.27572980523109436,0.23928682506084442,0.16701065003871918,0.17838804423809052,0.1798568218946457,0.17620882391929626,0.14381541311740875,0.6798086762428284,0.15103080868721008,0.14505675435066223,0.3625016510486603,0.28228524327278137,0.6979878544807434,0.4926217794418335,0.16126763820648193,0.13787639141082764,0.42270901799201965,0.1605832874774933,0.9995211362838745,0.4686277508735657,0.2946869134902954,0.29221010208129883,0.24373425543308258,0.164076566696167,0.1602608561515808,0.17361287772655487,0.17951072752475739,0.14404940605163574,0.6827890276908875,0.143991619348526,0.13564147055149078,0.356641560792923,0.2803521454334259,0.6995871663093567,0.4845196604728699,0.16617010533809662
197,1.0,0.13668912649154663,0.4256953299045563,0.13339471817016602,0.9990472197532654,0.47629815340042114,0.29199665784835815,0.27331188321113586,0.24422825872898102,0.16704794764518738,0.17297346889972687,0.1825178563594818,0.17900234460830688,0.14407233893871307,0.6797231435775757,0.15003521740436554,0.14553433656692505,0.3609679639339447,0.282909631729126,0.7017486691474915,0.4943654239177704,0.1595996469259262,0.13893216848373413,0.4125824570655823,0.1403702199459076,0.9995647668838501,0.4729042947292328,0.3080076277256012,0.28734898567199707,0.24861030280590057,0.16316421329975128,0.16064389050006866,0.18027769029140472,0.18480856716632843,0.14234407246112823,0.6761071085929871,0.14296098053455353,0.13704797625541687,0.3568955957889557,0.27767518162727356,0.6949991583824158,0.4840906858444214,0.16009736061096191
198,1.0,0.13575154542922974,0.41677266359329224,0.12842287123203278,0.9996639490127563,0.4805767238140106,0.30809763073921204,0.28043028712272644,0.23808223009109497,0.1636885553598404,0.17200875282287598,0.18287111818790436,0.18274787068367004,0.14219796657562256,0.6774480938911438,0.14742349088191986,0.14211323857307434,0.35945653915405273,0.28036877512931824,0.6981528997421265,0.49040737748146057,0.15827684104442596,0.13721470534801483,0.41881582140922546,0.13118170201778412,0.9996494650840759,0.47933563590049744,0.3008624315261841,0.2796100378036499,0.22969511151313782,0.1604677438735962,0.15572510659694672,0.18395394086837769,0.18893709778785706,0.14188864827156067,0.6901867389678955,0.14201748371124268,0.13171257078647614,0.35817041993141174,0.27494320273399353,0.6991761326789856,0.47368288040161133,0.1637323796749115
199,1.0,0.13713356852531433,0.4308478832244873,0.12683667242527008,0.9995357990264893,0.48171523213386536,0.2913585603237152,0.2777453660964966,0.2370188683271408,0.1632879227399826,0.17252831161022186,0.18588338792324066,0.1869388222694397,0.14242535829544067,0.6737568378448486,0.15088048577308655,0.14499257504940033,0.359762579202652,0.27755439281463623,0.7038798928260803,0.49171561002731323,0.15518878400325775,0.1412215679883957,0.42322635650634766,0.15130911767482758,0.9996218681335449,0.47558921575546265,0.2890210747718811,0.287810355424881,0.2395898401737213,0.15463881194591522,0.16261979937553406,0.19023765623569489,0.19652265310287476,0.1445242017507553,0.679994523525238,0.14526638388633728,0.13639666140079498,0.3584234416484833,0.2754875421524048,0.7007642388343811,0.4817345142364502,0.15788443386554718
200,1.0,0.1353098303079605,0.43092989921569824,0.14178340137004852,0.9994560480117798,0.4735574424266815,0.29778316617012024,0.2789090871810913,0.2429405301809311,0.16412672400474548,0.17515383660793304,0.18599918484687805,0.18238376080989838,0.14098994433879852,0.6776100397109985,0.148410364985466,0.143178790807724,0.36079439520835876,0.28340330719947815,0.7025117874145508,0.4951324164867401,0.15923789143562317,0.13670270144939423,0.41870996356010437,0.15118920803070068,0.9996941685676575,0.4667651653289795,0.2951202392578125,0.2837882936000824,0.24223560094833374,0.16277924180030823,0.1605185568332672,0.1773143708705902,0.18018926680088043,0.13969039916992188,0.6797953844070435,0.14148804545402527,0.1310386061668396,0.36005982756614685,0.2828819453716278,0.6979519724845886,0.4815317690372467,0.16655707359313965
201,1.0,0.13981430232524872,0.42876696586608887,0.13311767578125,0.9996504783630371,0.4746926426887512,0.3017480671405792,0.2774314880371094,0.24453116953372955,0.1631668508052826,0.1755129098892212,0.1825665980577469,0.1870770901441574,0.145465686917305,0.6733866333961487,0.14895862340927124,0.14222435653209686,0.36189499497413635,0.2842797338962555,0.7014381289482117,0.4947904050350189,0.15886184573173523,0.14052309095859528,0.4306472837924957,0.1461690366268158,0.9997184872627258,0.4690411686897278,0.3127295970916748,0.2838759422302246,0.24261316657066345,0.1606205403804779,0.16094553470611572,0.17763817310333252,0.1827428787946701,0.14221911132335663,0.6806674003601074,0.14332978427410126,0.13446703553199768,0.35851749777793884,0.27651989459991455,0.7025593519210815,0.4790876507759094,0.15792852640151978
202,1.0,0.13964831829071045,0.42314666509628296,0.12718690931797028,0.9996618628501892,0.46931251883506775,0.3028128743171692,0.27762460708618164,0.23389829695224762,0.1622152030467987,0.1716858297586441,0.18638446927070618,0.18546773493289948,0.14543581008911133,0.6755610704421997,0.1497432291507721,0.14227338135242462,0.36336421966552734,0.2829362154006958,0.7020897269248962,0.49235799908638,0.16009218990802765,0.1419452428817749,0.4224710762500763,0.12941202521324158,0.999715268611908,0.4578721821308136,0.31389275193214417,0.28842440247535706,0.23709213733673096,0.15822388231754303,0.15966665744781494,0.1887180507183075,0.19336557388305664,0.14349724352359772,0.6816412210464478,0.14322629570960999,0.13927873969078064,0.35992902517318726,0.277090847492218,0.7012174725532532,0.4793914556503296,0.16107626259326935
203,1.0,0.13961544632911682,0.4148067533969879,0.12212624400854111,0.9994117021560669,0.462779700756073,0.3036160171031952,0.281039297580719,0.2419857680797577,0.1626603901386261,0.17497065663337708,0.18328255414962769,0.1867649108171463,0.14349114894866943,0.6788058876991272,0.14926400780677795,0.1447741836309433,0.36645129323005676,0.28392454981803894,0.6980442404747009,0.4913465082645416,0.15732654929161072,0.140745609998703,0.4061465263366699,0.13139472901821136,0.9996907114982605,0.46053823828697205,0.3081117272377014,0.30046501755714417,0.23314590752124786,0.15965920686721802,0.1626332700252533,0.18534515798091888,0.1930963397026062,0.14251524209976196,0.6861420273780823,0.14424310624599457,0.13942751288414001,0.3606928884983063,0.27558180689811707,0.695547342300415,0.4768754541873932,0.15944507718086243
204,1.0,0.13952860236167908,0.4089451730251312,0.1267806738615036,0.9992763996124268,0.4668891727924347,0.31362101435661316,0.28297045826911926,0.2418869137763977,0.16320830583572388,0.17629873752593994,0.1807662844657898,0.1849500983953476,0.1434178203344345,0.6815879940986633,0.14887432754039764,0.14339731633663177,0.3642083704471588,0.2827310860157013,0.6964397430419922,0.4896160364151001,0.15613743662834167,0.1391090452671051,0.4094362258911133,0.12755809724330902,0.9997065663337708,0.46361643075942993,0.31200769543647766,0.2862923741340637,0.23409447073936462,0.1632458120584488,0.16001683473587036,0.1821969896554947,0.1843106597661972,0.1437154859304428,0.6893336772918701,0.14448028802871704,0.13427700102329254,0.36021265387535095,0.27870213985443115,0.6962477564811707,0.47475266456604004,0.15914307534694672
205,1.0,0.13939309120178223,0.4067176282405853,0.12355124205350876,0.9997605085372925,0.47041553258895874,0.32274168729782104,0.2816789746284485,0.2417428195476532,0.16298870742321014,0.17446169257164001,0.18248534202575684,0.1815768927335739,0.14601905643939972,0.684353232383728,0.15029075741767883,0.14626380801200867,0.3648044764995575,0.2824995219707489,0.6950272917747498,0.4903765618801117,0.15978099405765533,0.1395040899515152,0.4040526747703552,0.13728727400302887,0.9996327757835388,0.46286484599113464,0.32039904594421387,0.2909405827522278,0.24262329936027527,0.1679983288049698,0.1640416830778122,0.17787353694438934,0.1808287352323532,0.14080126583576202,0.6865526437759399,0.1446034461259842,0.14042551815509796,0.36024996638298035,0.2818560302257538,0.6929754018783569,0.47766461968421936,0.16365741193294525
206,1.0,0.13589991629123688,0.41478461027145386,0.12261547148227692,0.9996770024299622,0.4673481583595276,0.3264216482639313,0.2874990403652191,0.23432788252830505,0.16609050333499908,0.17020457983016968,0.17725957930088043,0.17598369717597961,0.14063052833080292,0.6863646507263184,0.15165846049785614,0.1466187983751297,0.3640158176422119,0.2829129695892334,0.6978420615196228,0.488019198179245,0.16320045292377472,0.14124467968940735,0.4109027683734894,0.12131210416555405,0.9996861219406128,0.4649609923362732,0.3312571942806244,0.293178915977478,0.22798103094100952,0.15790079534053802,0.15836478769779205,0.18511459231376648,0.19038516283035278,0.14761964976787567,0.6885799765586853,0.14587831497192383,0.14156359434127808,0.3591668903827667,0.2773398160934448,0.6975572109222412,0.4740324914455414,0.16236545145511627
207,1.0,0.13953526318073273,0.40909814834594727,0.12148521095514297,0.9996405839920044,0.45502206683158875,0.3265218436717987,0.28543463349342346,0.23774407804012299,0.16402898728847504,0.17035190761089325,0.18001709878444672,0.18057526648044586,0.1452275663614273,0.6848820447921753,0.1504959911108017,0.1466820389032364,0.36359703540802,0.28149887919425964,0.6982400417327881,0.4889335632324219,0.16005130112171173,0.14001625776290894,0.39890938997268677,0.1281462013721466,0.9995253086090088,0.4512462317943573,0.311448872089386,0.2751641869544983,0.24036432802677155,0.16134445369243622,0.1596248745918274,0.1825345754623413,0.18702124059200287,0.14765004813671112,0.688289999961853,0.14471742510795593,0.1336226761341095,0.3598836064338684,0.28168928623199463,0.6939002275466919,0.4793415665626526,0.16639670729637146
208,1.0,0.14070820808410645,0.40771153569221497,0.12782219052314758,0.9997360110282898,0.45089107751846313,0.31642499566078186,0.2791343629360199,0.2443120926618576,0.16309012472629547,0.1750522255897522,0.1798723042011261,0.18130053579807281,0.14572466909885406,0.6769101619720459,0.15294399857521057,0.14765073359012604,0.3649626672267914,0.285206139087677,0.6954165697097778,0.4938209056854248,0.1643008142709732,0.137332946062088,0.39868688583374023,0.13192148506641388,0.9997011423110962,0.44289323687553406,0.2971663773059845,0.27483510971069336,0.23679351806640625,0.15630576014518738,0.15943388640880585,0.1754162609577179,0.17942914366722107,0.14126595854759216,0.6866539120674133,0.14346279203891754,0.13580551743507385,0.3608843982219696,0.2764167785644531,0.6932552456855774,0.4765799939632416,0.16316090524196625
